SAMPLE1_PE:
  FOLD_80_BASE_PENALTY: 3.384581
  FOLD_90_BASE_PENALTY: 8.413101
  FOLD_95_BASE_PENALTY: 12.802546
  GENOME_TERRITORY: 29903.0
  HET_SNP_Q: 9.0
  HET_SNP_SENSITIVITY: 0.871022
  MAD_COVERAGE: 125.0
  MEAN_COVERAGE: 294.458549
  MEDIAN_COVERAGE: 206.0
  PCT_100X: 0.753436
  PCT_10X: 0.977962
  PCT_15X: 0.95783
  PCT_1X: 0.987259
  PCT_20X: 0.951577
  PCT_25X: 0.946862
  PCT_30X: 0.927164
  PCT_40X: 0.890011
  PCT_50X: 0.869846
  PCT_5X: 0.980871
  PCT_60X: 0.848945
  PCT_70X: 0.84316
  PCT_80X: 0.811624
  PCT_90X: 0.795238
  PCT_EXC_ADAPTER: 0.0
  PCT_EXC_BASEQ: 0.001881
  PCT_EXC_CAPPED: 0.0
  PCT_EXC_DUPE: 0.0
  PCT_EXC_MAPQ: 0.001372
  PCT_EXC_OVERLAP: 0.316835
  PCT_EXC_TOTAL: 0.320087
  PCT_EXC_UNPAIRED: 0.0
  SD_COVERAGE: 272.637189
SAMPLE2_PE:
  FOLD_80_BASE_PENALTY: 9.377748
  FOLD_90_BASE_PENALTY: 37.510991
  FOLD_95_BASE_PENALTY: 112.532973
  GENOME_TERRITORY: 29903.0
  HET_SNP_Q: 9.0
  HET_SNP_SENSITIVITY: 0.864943
  MAD_COVERAGE: 104.0
  MEAN_COVERAGE: 225.065947
  MEDIAN_COVERAGE: 120.0
  PCT_100X: 0.545263
  PCT_10X: 0.880313
  PCT_15X: 0.853526
  PCT_1X: 0.977594
  PCT_20X: 0.818012
  PCT_25X: 0.797947
  PCT_30X: 0.761395
  PCT_40X: 0.715614
  PCT_50X: 0.698458
  PCT_5X: 0.926563
  PCT_60X: 0.666555
  PCT_70X: 0.641742
  PCT_80X: 0.616895
  PCT_90X: 0.567803
  PCT_EXC_ADAPTER: 0.0
  PCT_EXC_BASEQ: 0.001798
  PCT_EXC_CAPPED: 0.0
  PCT_EXC_DUPE: 0.0
  PCT_EXC_MAPQ: 0.000739
  PCT_EXC_OVERLAP: 0.342862
  PCT_EXC_TOTAL: 0.345425
  PCT_EXC_UNPAIRED: 2.6e-05
  SD_COVERAGE: 263.931005
SAMPLE3_SE:
  FOLD_80_BASE_PENALTY: '?'
  FOLD_90_BASE_PENALTY: '?'
  FOLD_95_BASE_PENALTY: '?'
  GENOME_TERRITORY: 29903.0
  HET_SNP_Q: 0.0
  HET_SNP_SENSITIVITY: 0.0
  MAD_COVERAGE: 0.0
  MEAN_COVERAGE: 0.0
  MEDIAN_COVERAGE: 0.0
  PCT_100X: 0.0
  PCT_10X: 0.0
  PCT_15X: 0.0
  PCT_1X: 0.0
  PCT_20X: 0.0
  PCT_25X: 0.0
  PCT_30X: 0.0
  PCT_40X: 0.0
  PCT_50X: 0.0
  PCT_5X: 0.0
  PCT_60X: 0.0
  PCT_70X: 0.0
  PCT_80X: 0.0
  PCT_90X: 0.0
  PCT_EXC_ADAPTER: 0.0
  PCT_EXC_BASEQ: 0.0
  PCT_EXC_CAPPED: 0.0
  PCT_EXC_DUPE: 0.0
  PCT_EXC_MAPQ: 0.001786
  PCT_EXC_OVERLAP: 0.0
  PCT_EXC_TOTAL: 1.0
  PCT_EXC_UNPAIRED: 0.998214
  SD_COVERAGE: 0.0
