SAMPLE1_PE:
  FOLD_80_BASE_PENALTY: 1.746718
  FOLD_90_BASE_PENALTY: 3.033774
  FOLD_95_BASE_PENALTY: 4.803476
  GENOME_TERRITORY: 29903.0
  HET_SNP_Q: 18.0
  HET_SNP_SENSITIVITY: 0.983972
  MAD_COVERAGE: 19.0
  MEAN_COVERAGE: 57.641708
  MEDIAN_COVERAGE: 56.0
  PCT_100X: 0.08026
  PCT_10X: 0.960171
  PCT_15X: 0.937699
  PCT_1X: 0.987259
  PCT_20X: 0.891349
  PCT_25X: 0.860449
  PCT_30X: 0.820286
  PCT_40X: 0.736214
  PCT_50X: 0.603953
  PCT_5X: 0.980871
  PCT_60X: 0.435073
  PCT_70X: 0.312544
  PCT_80X: 0.206769
  PCT_90X: 0.133465
  PCT_EXC_ADAPTER: 0.0
  PCT_EXC_BASEQ: 0.000351
  PCT_EXC_CAPPED: 0.0
  PCT_EXC_DUPE: 0.825196
  PCT_EXC_MAPQ: 0.001372
  PCT_EXC_OVERLAP: 0.039985
  PCT_EXC_TOTAL: 0.866904
  PCT_EXC_UNPAIRED: 0.0
  SD_COVERAGE: 29.82482
SAMPLE2_PE:
  FOLD_80_BASE_PENALTY: 2.508438
  FOLD_90_BASE_PENALTY: 7.525315
  FOLD_95_BASE_PENALTY: 30.101261
  GENOME_TERRITORY: 29903.0
  HET_SNP_Q: 13.0
  HET_SNP_SENSITIVITY: 0.94637
  MAD_COVERAGE: 14.0
  MEAN_COVERAGE: 30.101261
  MEDIAN_COVERAGE: 27.0
  PCT_100X: 0.002809
  PCT_10X: 0.83724
  PCT_15X: 0.747484
  PCT_1X: 0.977594
  PCT_20X: 0.628432
  PCT_25X: 0.546634
  PCT_30X: 0.449353
  PCT_40X: 0.30813
  PCT_50X: 0.201318
  PCT_5X: 0.882687
  PCT_60X: 0.093435
  PCT_70X: 0.036786
  PCT_80X: 0.024379
  PCT_90X: 0.013142
  PCT_EXC_ADAPTER: 0.0
  PCT_EXC_BASEQ: 0.000222
  PCT_EXC_CAPPED: 0.0
  PCT_EXC_DUPE: 0.879436
  PCT_EXC_MAPQ: 0.000739
  PCT_EXC_OVERLAP: 0.032057
  PCT_EXC_TOTAL: 0.912454
  PCT_EXC_UNPAIRED: 0.0
  SD_COVERAGE: 20.890692
SAMPLE3_SE:
  FOLD_80_BASE_PENALTY: '?'
  FOLD_90_BASE_PENALTY: '?'
  FOLD_95_BASE_PENALTY: '?'
  GENOME_TERRITORY: 29903.0
  HET_SNP_Q: 0.0
  HET_SNP_SENSITIVITY: 0.0
  MAD_COVERAGE: 0.0
  MEAN_COVERAGE: 0.0
  MEDIAN_COVERAGE: 0.0
  PCT_100X: 0.0
  PCT_10X: 0.0
  PCT_15X: 0.0
  PCT_1X: 0.0
  PCT_20X: 0.0
  PCT_25X: 0.0
  PCT_30X: 0.0
  PCT_40X: 0.0
  PCT_50X: 0.0
  PCT_5X: 0.0
  PCT_60X: 0.0
  PCT_70X: 0.0
  PCT_80X: 0.0
  PCT_90X: 0.0
  PCT_EXC_ADAPTER: 0.0
  PCT_EXC_BASEQ: 0.0
  PCT_EXC_CAPPED: 0.0
  PCT_EXC_DUPE: 0.921273
  PCT_EXC_MAPQ: 0.001786
  PCT_EXC_OVERLAP: 0.0
  PCT_EXC_TOTAL: 1.0
  PCT_EXC_UNPAIRED: 0.076941
  SD_COVERAGE: 0.0
