## htsjdk.samtools.metrics.StringHeader
# CollectMultipleMetrics INPUT=SAMPLE1_PE.trim.sorted.bam OUTPUT=SAMPLE1_PE.trim.CollectMultipleMetrics TMP_DIR=[tmp] VALIDATION_STRINGENCY=LENIENT REFERENCE_SEQUENCE=GCF_009858895.2_ASM985889v3_genomic.200409.fna    ASSUME_SORTED=true STOP_AFTER=0 METRIC_ACCUMULATION_LEVEL=[ALL_READS] PROGRAM=[CollectAlignmentSummaryMetrics, CollectBaseDistributionByCycle, CollectInsertSizeMetrics, MeanQualityByCycle, QualityScoreDistribution] INCLUDE_UNPAIRED=false VERBOSITY=INFO QUIET=false COMPRESSION_LEVEL=5 MAX_RECORDS_IN_RAM=500000 CREATE_INDEX=false CREATE_MD5_FILE=false GA4GH_CLIENT_SECRETS=client_secrets.json USE_JDK_DEFLATER=false USE_JDK_INFLATER=false
## htsjdk.samtools.metrics.StringHeader
# Started on: Mon Mar 08 15:31:17 CET 2021

## METRICS CLASS	picard.analysis.BaseDistributionByCycleMetrics
READ_END	CYCLE	PCT_A	PCT_C	PCT_G	PCT_T	PCT_N
1	1	26.475611	14.487441	22.535094	36.501854	0
1	2	13.466905	29.778815	33.790145	22.964135	0
1	3	37.243304	18.007248	18.523764	26.225684	0
1	4	24.976049	27.050444	22.701712	25.271796	0
1	5	32.54884	18.519598	19.606781	29.32478	0
1	6	30.507769	19.910859	20.144125	29.437247	0
1	7	32.465531	19.440163	23.359853	24.734452	0
1	8	36.168617	17.15333	18.548757	28.129296	0
1	9	29.903778	19.206898	28.999875	21.889449	0
1	10	26.134044	18.228017	22.884992	32.752947	0
1	11	21.060524	16.899238	23.043279	38.996959	0
1	12	22.568418	20.181614	19.473487	37.776482	0
1	13	21.081351	17.365768	24.676136	36.876744	0
1	14	26.196526	19.106927	26.792186	27.904361	0
1	15	30.641063	23.139084	21.918607	24.301245	0
1	16	23.00579	21.801974	28.425043	26.767193	0
1	17	24.642813	21.460407	23.805557	30.091223	0
1	18	31.840713	19.573458	21.956096	26.629733	0
1	19	23.084934	21.89778	22.568418	32.448869	0
1	20	28.774941	22.451785	22.372641	26.400633	0
1	21	20.394052	26.446453	25.067689	28.091807	0
1	22	25.330112	23.926355	20.727288	30.016245	0
1	23	28.608323	15.832882	21.593702	33.965094	0
1	24	26.04657	19.3152	23.484817	31.153414	0
1	25	41.183821	17.578206	14.491607	26.746366	0
1	26	33.040363	22.101887	14.062565	30.795185	0
1	27	36.585163	15.49548	16.711792	31.207564	0
1	28	25.663348	23.622277	20.531512	30.182863	0
1	29	33.615196	19.402674	14.629067	32.353064	0
1	30	27.946016	18.078061	18.123881	35.852043	0
1	31	31.71575	21.402091	15.087266	31.794893	0
1	32	29.362269	16.432707	18.311326	35.893698	0
1	33	31.919857	17.340776	21.018869	29.720498	0
1	34	29.46224	27.087933	18.682051	24.767776	0
1	35	31.544966	14.945641	22.443454	31.065939	0
1	36	35.098096	18.652893	24.809431	21.43958	0
1	37	41.217145	11.334194	20.956388	26.492273	0
1	38	30.249511	22.447619	20.623152	26.679718	0
1	39	28.76661	19.311034	17.444912	34.477444	0
1	40	32.64048	14.837339	16.207773	36.314408	0
1	41	24.409547	23.359853	16.611822	35.618778	0
1	42	33.06119	15.420502	24.038822	27.479485	0
1	43	30.353647	14.558254	19.356854	35.731245	0
1	44	36.197776	13.92094	15.48715	34.394135	0
1	45	27.983505	19.744241	17.940601	34.331653	0
1	46	33.644354	13.6002	18.840338	33.915108	0
1	47	31.045112	15.224726	18.3988	35.331362	0
1	48	34.223352	15.341359	19.581789	30.853501	0
1	49	27.616945	19.198567	17.282459	35.902029	0
1	50	34.893989	15.866206	14.820677	34.419128	0
1	51	31.736577	17.719832	17.603199	32.940392	0
1	52	24.263756	19.352689	19.577623	36.805932	0
1	53	28.67497	15.874537	25.896613	29.55388	0
1	54	35.814554	20.552339	17.324114	26.308993	0
1	55	26.887991	20.444037	21.34794	31.320032	0
1	56	29.016537	16.657642	18.940309	35.385513	0
1	57	26.571417	17.074187	20.964719	35.389678	0
1	58	25.621694	19.448494	22.655892	32.27392	0
1	59	32.028158	23.776399	15.141417	29.054026	0
1	60	31.007623	18.773691	20.352397	29.866289	0
1	61	29.728829	19.835881	19.64427	30.791019	0
1	62	33.544383	14.000083	19.78173	32.673803	0
1	63	29.3706	17.190819	20.610655	32.827925	0
1	64	28.283417	16.349398	24.463698	30.903486	0
1	65	28.158454	17.099179	26.096555	28.645812	0
1	66	30.237014	21.589536	22.031074	26.142375	0
1	67	28.754113	19.002791	23.272379	28.970717	0
1	68	30.545258	17.282459	14.499938	37.672346	0
1	69	27.655586	16.32092	19.782554	36.24094	0
1	70	27.69423	18.112893	23.632577	30.5603	0
1	71	22.796201	23.258624	22.067155	31.87802	0
1	72	26.495584	23.604399	18.334444	31.565572	0
1	73	20.846526	19.21763	20.863189	39.072655	0
1	74	24.470922	19.242626	18.405266	37.881186	0
1	75	30.219963	17.463756	25.708215	26.608065	0
1	76	36.414764	18.838527	17.472088	27.274621	0
1	77	32.990335	24.279287	15.118314	27.612065	0
1	78	44.242626	21.10065	12.568739	22.087985	0
1	79	30.95992	15.948671	22.139822	30.951587	0
1	80	23.9625	25.683333	21.183333	29.170833	0
1	81	25.1875	14.25	24.891667	35.670833	0
1	82	22.757011	24.394716	18.452307	34.395966	0
1	83	30.862191	15.460266	19.7358	33.941743	0
1	84	38.595541	22.346322	14.719733	24.338404	0
1	85	29.66575	16.675002	17.821122	35.838126	0
1	86	28.452947	17.337668	19.163124	35.046262	0
1	87	30.407602	18.096191	20.438443	31.057764	0
1	88	32.406636	16.25125	22.607536	28.734578	0
1	89	30.982452	16.927181	18.094285	33.996082	0
1	90	32.099537	10.587304	22.070777	35.242383	0
1	91	31.545163	14.388729	21.758159	32.307949	0
1	92	31.621509	18.499375	13.313881	36.565236	0
1	93	26.986244	19.808253	17.369737	35.835765	0
1	94	27.261359	12.321801	23.964152	36.452689	0
1	95	31.838266	15.873281	16.973739	35.314714	0
1	96	30.131733	13.139903	22.319493	34.408871	0
1	97	27.14917	13.428667	25.602435	33.819728	0
1	98	27.075255	13.666875	21.084011	38.173859	0
1	99	32.808005	20.587867	17.510944	29.093183	0
1	100	25.67438	19.870753	20.775485	33.679383	0
1	101	34.139426	16.932121	15.268512	33.65994	0
1	102	33.331943	21.673686	18.43806	26.556311	0
1	103	27.858394	13.931282	18.676507	39.529647	0.00417
1	104	30.718872	20.819782	20.340255	28.121091	0
1	105	28.214003	12.710062	17.601434	41.466161	0.00834
1	106	32.46737	17.851633	20.670531	29.010467	0
1	107	29.858215	20.913261	18.661384	30.567139	0
1	108	39.895746	14.132611	18.002502	27.969141	0
1	109	37.743953	19.658048	15.025021	25.212677	2.3603
1	110	33.715596	17.460384	17.085071	31.738949	0
1	111	26.870465	20.518809	16.431729	36.178997	0
1	112	32.775878	22.458087	12.35299	29.869047	2.543999
1	113	30.416649	22.75514	15.931935	28.539851	2.356425
1	114	30.133044	16.319806	20.256913	33.290236	0
1	115	39.572036	13.243514	17.856845	29.327605	0
1	116	22.003003	26.724785	17.886043	33.386168	0
1	117	30.07133	24.122972	15.776081	30.029617	0
1	118	29.666708	20.702457	14.733242	34.897593	0
1	119	31.527135	12.092771	25.224211	31.155884	0
1	120	18.37901	22.179118	23.914404	35.527468	0
1	121	25.104288	20.820123	19.351744	34.723844	0
1	122	33.593359	22.522109	13.899549	29.984982	0
1	123	29.272871	21.717909	16.849527	32.159693	0
1	124	26.865796	18.78937	16.649285	37.695549	0
1	125	30.392157	23.045474	16.508135	30.054234	0
1	126	27.530246	14.680851	25.052149	32.736754	0
1	127	25.819775	17.609512	16.299541	40.271172	0
1	128	24.259491	21.572799	21.727159	32.440551	0
1	129	26.437213	18.2937	16.287025	38.982061	0
1	130	28.244816	20.372147	20.176061	31.206976	0
1	131	31.383511	16.780708	16.601302	35.234479	0
1	132	25.806317	22.117912	25.906455	26.169316	0
1	133	23.453081	18.012267	23.670046	34.864605	0
1	134	26.970418	23.286185	16.856511	32.886886	0
1	135	32.277715	20.519882	23.682564	23.51984	0
1	136	33.380623	22.440124	18.459484	25.71977	0
1	137	31.327714	16.544271	16.227155	35.90086	0
1	138	27.853119	13.306906	21.790111	37.049864	0
1	139	21.653313	12.890169	21.00651	44.450008	0
1	140	27.307628	16.019863	22.91771	33.754799	0
1	141	24.94262	16.588073	24.295789	34.173518	0
1	142	28.860601	15.851419	30.24207	25.04591	0
1	143	35.517529	14.916528	15.004174	34.56177	0
1	144	32.950751	18.735392	22.729549	25.584307	0
1	145	35.260236	16.227722	17.538295	30.973747	0
1	146	33.190015	14.543329	16.367507	35.899148	0
1	147	32.825415	24.350839	15.433748	27.389997	0
1	148	30.31644	17.187109	15.204141	37.29231	0
1	149	28.934625	19.261919	14.352509	37.450948	0
1	150	32.562411	20.050931	15.897136	31.489522	0
1	151	25.641882	16.757817	25.003131	32.597169	0
1	152	23.875924	19.617584	22.64852	33.857972	0
1	153	26.185705	21.35521	16.929693	35.529392	0
1	154	28.264863	22.198564	17.009018	32.527555	0
1	155	31.676967	15.842659	18.151829	34.328545	0
1	156	33.503153	19.710193	16.645091	30.141563	0
1	157	33.272082	15.623303	24.727501	26.377114	0
1	158	35.091532	18.16434	18.147622	28.596506	0
1	159	29.858731	22.807824	19.175792	28.157653	0
1	160	30.351918	12.400736	24.024074	33.223272	0
1	161	25.428404	16.85196	24.797292	32.922344	0
1	162	28.955948	17.804898	17.750564	35.48859	0
1	163	26.280149	17.832212	25.210049	30.677591	0
1	164	25.544455	18.747649	19.771768	35.936128	0
1	165	30.265028	19.082853	20.061032	30.591088	0
1	166	33.372351	17.862966	25.157811	23.606873	0
1	167	28.088291	27.118432	16.387275	28.401823	0.00418
1	168	26.648271	21.844559	23.023538	28.483632	0
1	169	30.65022	20.635584	20.547773	28.15806	0.008363
1	170	30.144261	16.157223	23.295003	30.403512	0
1	171	24.27765	17.466026	21.032825	37.2235	0
1	172	30.441146	18.875183	17.658373	33.025298	0
1	173	29.119271	23.415022	15.28103	29.821847	2.36283
1	174	24.804483	17.644599	18.225921	39.320815	0.004182
1	175	33.323575	18.472669	18.104638	30.099118	0
1	176	30.480612	25.862718	15.016522	28.640147	0
1	177	29.995399	12.749404	19.810097	37.4451	0
1	178	25.235287	15.087631	21.868072	37.80901	0
1	179	30.201623	18.936669	16.786581	31.481636	2.593491
1	180	31.188823	19.070526	24.123651	25.617	0
1	181	30.849996	15.16774	22.726512	31.255752	0
1	182	26.026939	20.948716	16.953903	36.070443	0
1	183	34.854633	14.758419	16.339678	34.04727	0
1	184	38.750837	19.879518	15.290328	26.079317	0
1	185	28.029954	16.734301	14.722001	40.513743	0
1	186	21.62671	23.509477	23.542948	31.320865	0
1	187	32.67364	15.65272	18.338912	33.334728	0
1	188	30.755712	25.328479	11.473763	32.442045	0
1	189	30.529751	14.934304	24.776132	29.759813	0
1	190	38.410679	14.713144	21.492238	25.383939	0
1	191	33.917811	15.918982	13.692668	36.470539	0
1	192	30.399665	19.673572	19.644277	30.282486	0
1	193	29.812079	22.487758	17.775081	29.925083	0
1	194	25.457285	17.994224	22.807752	33.740739	0
1	195	26.075854	14.145177	24.983255	34.795713	0
1	196	23.392498	20.905894	20.365874	35.335733	0
1	197	27.497279	18.948338	18.328728	35.225655	0
1	198	23.282395	25.02826	25.685577	26.003768	0
1	199	33.696198	29.224585	11.828002	25.251214	0
1	200	29.288615	18.364527	24.536281	27.810577	0
1	201	22.230131	18.591408	23.046646	36.131815	0
1	202	32.41489	17.105649	12.666974	37.812487	0
1	203	27.279199	19.858453	20.813267	32.049081	0
1	204	36.504879	11.344696	22.320868	29.829557	0
1	205	28.831093	20.731248	22.624283	27.813377	0
1	206	36.632461	11.543455	16.611518	35.212565	0
1	207	30.310392	20.253005	20.475014	28.961588	0
1	208	25.992795	21.213137	21.766086	31.027983	0
1	209	26.023208	16.819572	20.979431	36.177789	0
1	210	25.986594	18.424801	15.638877	39.949728	0
1	211	25.915375	18.332635	20.448261	35.303729	0
1	212	26.838158	18.467468	21.132012	33.562361	0
1	213	29.702099	17.241379	21.209201	31.847321	0
1	214	26.360779	17.971925	18.374188	37.293107	0
1	215	26.01299	26.825896	19.865912	27.295202	0
1	216	26.458263	20.394737	17.645826	35.501173	0
1	217	38.124371	17.344117	16.736507	27.795005	0
1	218	32.859777	19.067974	19.948035	28.124214	0
1	219	24.0057	10.552785	25.992205	39.449311	0
1	220	27.686505	16.521375	18.751048	37.041073	0
1	221	27.018191	20.680694	19.004108	33.297007	0
1	222	29.266759	17.259883	16.932881	36.540477	0
1	223	26.252673	19.946329	25.854334	27.946664	0
1	224	31.499497	23.99782	17.934418	26.568266	0
1	225	31.911771	19.419633	17.754854	30.913742	0
1	226	31.929707	22.199388	18.911211	26.959695	0
1	227	32.697148	14.693792	20.943792	31.665268	0
1	228	32.167128	15.655676	28.655928	23.521269	0
1	229	27.003104	16.758956	20.916184	35.321755	0
1	230	27.541217	25.212904	17.019759	30.226119	0
1	231	26.754772	20.377596	17.797357	35.070275	0
1	232	31.57961	20.176211	13.585064	34.659115	0
1	233	32.880218	18.720369	13.295574	35.103839	0
1	234	34.797567	18.250472	19.530103	27.421859	0
1	235	31.638347	18.896581	21.80407	27.661003	0
1	236	30.891546	22.198448	13.316551	33.593455	0
1	237	28.456342	15.881341	20.278605	35.383712	0
1	238	29.759557	24.15761	18.215769	27.867064	0
1	239	31.609871	14.713782	20.41296	33.263388	0
1	240	31.070814	20.476011	22.772111	25.681065	0
1	241	35.614425	14.127377	19.438264	30.819934	0
1	242	26.406617	16.551898	25.172153	31.869332	0
1	243	27.481942	20.682849	21.669746	30.165463	0
1	244	27.410954	13.13004	21.055948	38.403058	0
1	245	23.936013	23.590823	18.934961	33.538202	0
1	246	32.619038	16.052709	19.513325	31.814929	0
1	247	25.730526	23.848421	17.469474	32.951579	0
1	248	25.901129	17.790972	23.441974	32.865926	0
1	249	29.455863	11.977763	26.452999	32.113376	0
1	250	31.412686	18.140847	14.868166	35.5783	0
1	251	27.260857	20.534097	20.576218	31.628828	0
1	252	26.715531	18.147352	23.387674	31.749442	0
1	253	28.286785	18.694975	27.301066	25.717174	0
1	254	36.347167	14.674531	16.128081	32.850221	0
1	255	29.42986	15.047828	23.795879	31.726434	0
1	256	31.459159	15.577847	16.70741	36.255585	0
1	257	27.329821	22.347734	15.161222	35.161222	0
1	258	28.359467	22.382398	17.52234	31.735795	0
1	259	32.727733	20.920626	18.109008	28.242634	0
1	260	22.524346	20.087686	13.82741	43.560558	0
1	261	25.457458	19.230121	20.178767	35.133654	0
1	262	27.702817	16.638556	23.330241	32.328386	0
1	263	31.528568	15.015813	20.476492	32.979127	0
1	264	32.214397	25.315228	17.433475	25.0369	0
1	265	30.711152	21.477982	18.15421	29.656656	0
1	266	25.921708	16.04657	18.801147	39.230575	0
1	267	26.742322	15.145123	24.173135	33.93942	0
1	268	27.535865	18.329114	21.485232	32.649789	0
1	269	25.833404	17.490928	21.03553	35.640138	0
1	270	29.991138	21.521712	19.095244	29.391906	0
1	271	23.822586	25.70476	16.914247	33.558406	0
1	272	37.355449	19.941757	12.214063	30.488731	0
1	273	34.160652	15.740154	19.374446	30.724748	0
1	274	34.681471	18.220965	22.430025	24.667539	0
1	275	32.235453	26.623596	18.245925	22.895026	0
1	276	33.427654	15.292677	14.557817	36.721852	0
1	277	28.547897	24.543842	18.841865	28.066396	0
1	278	30.965153	22.724393	15.383316	30.927138	0
1	279	25.74132	15.916195	18.454845	39.88764	0
1	280	31.168667	16.558222	20.318574	31.954538	0
1	281	21.57103	28.238824	18.524465	31.665681	0
1	282	33.658722	17.334348	20.414976	28.591954	0
1	283	35.419925	11.010609	22.215647	31.353819	0
1	284	31.047893	19.879951	17.318341	31.753815	0
1	285	32.562368	16.02537	17.966173	33.446089	0
1	286	30.370966	21.103168	14.859778	33.666089	0
1	287	31.914353	15.669431	20.556872	31.859343	0
1	288	28.513376	18.764815	18.112936	34.608872	0
1	289	24.66757	14.622681	21.817566	38.892183	0
1	290	26.774822	15.304134	20.141477	37.779566	0
1	291	28.435778	14.183976	15.985587	41.394659	0
1	292	24.521496	20.871706	16.415567	38.191232	0
1	293	32.130716	17.758797	21.081931	29.028557	0
1	294	27.802633	17.653074	15.633389	38.910904	0
1	295	32.765484	17.001241	18.777554	31.455721	0
1	296	41.102498	18.927649	17.390181	22.579673	0
1	297	32.036603	20.318328	12.364472	35.280597	0
1	298	33.975121	11.497302	24.279704	30.247873	0
1	299	32.209418	17.181202	18.575426	32.033955	0
1	300	31.892004	15.713251	23.952622	28.442123	0
1	301	22.547879	19.741025	25.936264	31.774831	0
2	302	26.716635	14.299396	22.294399	36.689569	0
2	303	13.853841	29.452426	33.758068	22.935665	0
2	304	37.272538	17.980429	18.684156	26.062877	0
2	305	24.214033	27.399542	23.385384	25.001041	0
2	306	32.99188	18.067874	19.575265	29.36498	0
2	307	30.272746	19.829273	20.387258	29.510722	0
2	308	33.112638	19.671039	23.048095	24.168228	0
2	309	35.785967	17.230897	19.08807	27.895066	0
2	310	30.106184	19.342078	28.690402	21.861337	0
2	311	26.716635	17.826359	22.58172	32.875286	0
2	312	21.415782	16.697897	22.939829	38.946492	0
2	313	22.09036	20.578805	19.346242	37.984593	0
2	314	20.466375	17.13096	24.971893	37.430772	0
2	315	25.842182	19.258797	26.400167	28.498855	0
2	316	31.047262	23.551947	21.902977	23.497814	0
2	317	22.211118	22.102852	28.265667	27.420362	0
2	318	24.676244	21.857173	23.173017	30.293567	0
2	319	31.234645	19.462836	22.098688	27.203831	0
2	320	22.873204	22.119509	22.673329	32.333958	0
2	321	29.294191	21.907141	22.156985	26.641682	0
2	322	20.191547	26.483448	25.171768	28.153238	0
2	323	24.884447	23.980845	21.961274	29.173433	0
2	324	28.365605	15.48199	21.882157	34.270248	0
2	325	26.054549	19.075578	23.377056	31.492817	0
2	326	41.028524	17.589007	15.153029	26.22944	0
2	327	32.929419	21.84468	14.515928	30.709973	0
2	328	36.481366	15.336248	16.814491	31.367895	0
2	329	26.183635	22.943993	20.953571	29.918801	0
2	330	33.737248	19.558609	14.336873	32.36727	0
2	331	28.132417	17.984593	17.95128	35.931709	0
2	332	30.818239	22.152821	15.182178	31.846762	0
2	333	29.664793	15.906725	18.134499	36.293983	0
2	334	31.559442	17.514054	20.545492	30.381012	0
2	335	29.668957	27.224651	18.192796	24.913596	0
2	336	31.763481	14.982303	22.077868	31.176348	0
2	337	35.178014	18.221945	24.980221	21.619821	0
2	338	41.532376	11.330418	21.149282	25.987924	0
2	339	30.92234	22.132001	20.137414	26.808245	0
2	340	28.665417	19.583594	16.727046	35.023943	0
2	341	33.100146	14.669998	16.148241	36.081616	0
2	342	24.655424	23.202165	16.714553	35.427858	0
2	343	33.608162	15.140537	24.02665	27.224651	0
2	344	29.785551	14.386842	19.550281	36.277327	0
2	345	36.185717	14.12867	14.982303	34.70331	0
2	346	28.132417	19.604414	18.234437	34.028732	0
2	347	33.320841	13.362482	19.092234	34.224443	0
2	348	31.230481	15.103061	18.030398	35.636061	0
2	349	34.05788	16.1066	19.296273	30.539246	0
2	350	27.911722	18.896523	17.676452	35.515303	0
2	351	35.248803	16.027483	14.482615	34.241099	0
2	352	31.971684	17.609827	17.980429	32.43806	0
2	353	23.930877	19.654383	19.329586	37.085155	0
2	354	28.423902	16.206538	25.567354	29.802207	0
2	355	36.173225	20.149906	17.422444	26.254424	0
2	356	25.808869	20.316469	21.986259	31.888403	0
2	357	29.202582	17.126796	19.117218	34.553404	0
2	358	27.482823	16.406413	20.179055	35.931709	0
2	359	24.817822	19.350406	23.310431	32.521341	0
2	360	32.429731	23.660212	15.115553	28.794503	0
2	361	31.247137	18.546742	20.370602	29.835519	0
2	362	29.656465	19.841766	19.666875	30.834895	0
2	363	33.129294	14.211951	19.941703	32.717052	0
2	364	28.98605	17.659796	20.249844	33.10431	0
2	365	28.386425	16.406413	24.276494	30.930668	0
2	366	28.065792	16.677077	26.042057	29.215074	0
2	367	29.861747	22.299492	21.404181	26.43458	0
2	368	28.345965	19.367869	23.665362	28.620805	0
2	369	29.828433	17.543933	14.774715	37.852919	0
2	370	27.855745	16.099613	19.181277	36.863366	0
2	371	27.744461	18.057638	23.883891	30.31401	0
2	372	22.838581	22.934366	22.134766	32.092287	0
2	373	25.878727	24.14626	18.228386	31.746627	0
2	374	21.151924	18.719807	20.989505	39.138764	0
2	375	24.333667	18.998834	18.415792	38.251707	0
2	376	30.226553	17.437115	25.508079	26.828253	0
2	377	36.294353	19.027986	17.216392	27.461269	0
2	378	33.02099	24.358654	14.792604	27.827753	0
2	379	44.007163	21.264368	12.597868	22.130601	0
2	380	30.595585	16.122449	21.699292	31.582674	0
2	381	24.096135	25.633122	21.322059	28.948684	0
2	382	25.5998	14.545152	24.654282	35.200766	0
2	383	22.641116	24.232452	18.841908	34.284524	0
2	384	30.747761	15.588419	19.887523	33.776297	0
2	385	39.140941	22.263884	14.523185	24.071991	0
2	386	30.055829	16.690276	17.577702	35.676194	0
2	387	28.693442	17.094409	19.315057	34.897092	0
2	388	30.64328	17.786018	20.356637	31.214065	0
2	389	32.595833	17.2375	22.308333	27.858333	0
2	390	31.397142	16.450685	17.954915	34.197258	0
2	391	31.647152	10.762948	21.663403	35.926497	0
2	392	32.276345	14.300596	21.459227	31.963832	0
2	393	31.756813	18.397366	12.988582	36.857238	0
2	394	27.006417	20.4017	17.438953	35.152929	0
2	395	27.456455	12.146846	24.285357	36.111343	0
2	396	31.248437	16.15968	16.913909	35.677973	0
2	397	30.000833	12.543757	22.45791	34.9975	0
2	398	26.885888	13.365841	25.610569	34.137701	0
2	399	27.003709	13.779019	20.497645	38.719627	0
2	400	32.196891	20.868587	17.563456	29.371067	0
2	401	25.878381	19.784937	20.46847	33.868212	0
2	402	33.19023	17.601701	15.655218	33.552851	0
2	403	33.08324	21.266308	18.331874	27.318578	0
2	404	27.497812	13.901046	19.052978	39.548164	0
2	405	30.840732	20.549373	20.157559	28.452336	0
2	406	28.670279	12.801167	17.632347	40.896207	0
2	407	32.888704	17.99083	20.512714	28.607753	0
2	408	29.714857	20.422711	18.721861	31.14057	0
2	409	39.611472	13.948641	18.288311	28.151576	0
2	410	38.289978	20.706186	15.278473	25.725363	0
2	411	33.91279	17.054361	16.98766	32.045189	0
2	412	26.869841	20.174268	15.642458	37.313433	0
2	413	33.156841	23.113483	13.120153	30.609522	0
2	414	31.778195	22.514071	16.923077	28.784657	0
2	415	29.593496	16.664582	20.300188	33.441734	0
2	416	39.925778	13.410058	17.875907	28.788258	0
2	417	21.995663	26.986907	18.01768	32.99975	0
2	418	29.84446	23.868896	15.970977	30.315667	0
2	419	29.594262	21.116717	14.799216	34.489804	0
2	420	31.449898	11.479922	26.166549	30.903632	0
2	421	17.864142	22.155039	24.198324	35.782494	0
2	422	25.079233	20.525438	19.637198	34.758132	0
2	423	33.23186	22.689741	14.165972	29.912427	0
2	424	29.32566	21.898328	17.252596	31.523416	0
2	425	27.119563	18.445306	16.943993	37.491138	0
2	426	30.932521	22.74168	16.302444	30.023355	0
2	427	27.967303	14.584202	25.160564	32.287931	0
2	428	25.585954	17.249145	16.252398	40.912503	0
2	429	24.268079	21.503044	21.657353	32.571524	0
2	430	26.157311	17.820502	16.590208	39.431979	0
2	431	27.993494	20.152646	20.661467	31.192393	0
2	432	30.951785	16.395562	16.687521	35.965132	0
2	433	25.797706	22.127216	25.793535	26.281543	0
2	434	23.691345	17.743483	23.87487	34.690302	0
2	435	26.907195	23.929093	17.067779	32.095933	0
2	436	32.842544	20.792492	23.25756	23.107404	0
2	437	33.932594	22.390924	18.111287	25.565196	0
2	438	31.717694	16.814049	16.092433	35.375824	0
2	439	27.707325	12.960954	22.271817	37.059903	0
2	440	21.776313	13.245171	20.854366	44.12415	0
2	441	27.797247	15.753025	23.337505	33.112224	0
2	442	24.978097	16.821728	24.0519	34.148275	0
2	443	28.482016	15.768172	30.463991	25.285822	0
2	444	35.333389	15.29667	14.558124	34.811817	0
2	445	32.558625	19.127097	23.086873	25.227405	0
2	446	35.276445	16.327978	17.579804	30.815773	0
2	447	32.98556	14.689926	16.284117	36.040397	0
2	448	32.537563	24.641068	15.041736	27.779633	0
2	449	29.686978	17.391486	15.229549	37.691987	0
2	450	29.361436	18.935726	14.398998	37.30384	0
2	451	32.550083	19.937396	15.784641	31.72788	0
2	452	25.573921	17.155021	24.371817	32.89924	0
2	453	23.390934	19.780449	22.142917	34.6857	0
2	454	25.988229	21.446759	17.230872	35.33414	0
2	455	27.816505	22.682306	16.880244	32.620946	0
2	456	32.196385	15.22565	18.431929	34.146036	0
2	457	33.896961	19.739479	16.487141	29.87642	0
2	458	32.400835	15.770355	24.876827	26.951983	0
2	459	35.029878	17.95579	18.122937	28.891396	0
2	460	28.987506	22.949313	19.606368	28.456813	0
2	461	30.36647	12.034599	23.772513	33.826418	0
2	462	25.669634	16.509966	24.850612	32.969788	0
2	463	28.331453	18.127115	17.57553	35.965902	0
2	464	26.422034	17.733105	24.353241	31.49162	0
2	465	26.442931	18.874075	19.492623	35.190371	0
2	466	30.197275	19.76093	19.606286	30.435509	0
2	467	33.69279	17.23302	25.161964	23.912226	0
2	468	28.551724	27.055381	16.037618	28.355277	0
2	469	26.978222	21.539941	22.752163	28.729674	0
2	470	31.071533	20.159706	20.895522	27.873239	0
2	471	30.950291	15.778252	23.102973	30.168485	0
2	472	23.834608	17.450562	20.970776	37.744053	0
2	473	30.452778	19.076884	18.014967	32.45537	0
2	474	29.058828	24.547393	15.315466	31.078312	0
2	475	24.230641	17.54474	18.385181	39.839438	0
2	476	34.127781	18.176116	17.590734	30.105369	0
2	477	30.787889	26.476246	14.440448	28.295417	0
2	478	29.303279	13.06457	19.722315	37.909836	0
2	479	24.987454	14.84192	22.30261	37.868016	0
2	480	31.363446	19.393559	16.771225	32.471769	0
2	481	31.309076	19.401924	24.416562	24.872438	0
2	482	31.519511	14.714124	22.982977	30.783387	0
2	483	26.229714	20.716915	17.257822	35.79555	0
2	484	34.691317	14.325749	16.751715	34.23122	0
2	485	38.588639	20.187401	15.205388	26.018573	0
2	486	27.630203	17.163773	14.599456	40.606568	0
2	487	21.541229	23.243944	23.264862	31.949964	0
2	488	33.499289	15.534265	18.324826	32.64162	0
2	489	30.07113	25.527197	11.715481	32.686192	0
2	490	30.933054	14.953975	24.355649	29.757322	0
2	491	38.470229	14.766308	21.356542	25.406921	0
2	492	33.588585	16.156164	13.724998	36.530254	0
2	493	30.066536	19.584048	20.082019	30.267398	0
2	494	29.755179	22.707679	17.212806	30.324336	0
2	495	25.086846	18.369397	23.056962	33.486795	0
2	496	26.627318	14.55063	24.438026	34.384026	0
2	497	23.420821	20.971995	19.812466	35.794717	0
2	498	28.38364	18.717294	18.240047	34.65902	0
2	499	23.482375	24.449468	25.458428	26.60973	0
2	500	33.873399	29.829189	11.751654	24.545759	0
2	501	29.491313	18.706301	24.442118	27.360268	0
2	502	22.642773	18.321889	22.764194	36.271144	0
2	503	32.085584	17.652724	12.703597	37.558096	0
2	504	27.243415	19.701855	20.765462	32.289268	0
2	505	36.158452	11.536368	22.607931	29.697249	0
2	506	28.531346	20.63738	23.049541	27.781733	0
2	507	35.839337	11.54716	16.862121	35.751382	0
2	508	30.237916	20.113931	20.436458	29.211695	0
2	509	25.861852	21.258325	21.798685	31.081138	0
2	510	26.017929	17.208445	20.639243	36.134383	0
2	511	26.01701	18.735598	15.161926	40.085467	0
2	512	25.970925	17.82228	20.511961	35.694834	0
2	513	26.890686	18.217623	21.473164	33.418528	0
2	514	29.641735	17.314058	21.164886	31.879321	0
2	515	26.262415	18.287726	18.723547	36.726313	0
2	516	25.948121	26.723379	19.896912	27.431589	0
2	517	26.651299	20.624476	17.29254	35.431685	0
2	518	37.73838	17.69982	17.230395	27.331405	0
2	519	33.266264	18.511066	20.275822	27.946848	0
2	520	24.028506	11.117166	25.558583	39.295745	0
2	521	28.038402	15.960257	18.882321	37.119021	0
2	522	27.487317	20.431009	18.632342	33.449331	0
2	523	29.279544	17.625598	16.937851	36.157007	0
2	524	26.510926	19.951348	26.171203	27.366523	0
2	525	31.507424	24.519755	17.989263	25.983558	0
2	526	32.091775	19.126714	18.019378	30.762132	0
2	527	30.993833	22.515417	19.255779	27.234971	0
2	528	32.646639	14.458337	20.37006	32.524964	0
2	529	32.599027	15.294562	28.85616	23.250252	0
2	530	27.043471	16.654079	21.886539	34.415911	0
2	531	27.339488	25.148972	16.945027	30.566513	0
2	532	26.972469	19.947121	18.155112	34.925298	0
2	533	31.714789	19.598791	13.945778	34.740641	0
2	534	32.688434	19.292429	13.307873	34.711264	0
2	535	35.24425	17.907504	19.426725	27.421521	0
2	536	31.598607	19.268057	21.660301	27.473035	0
2	537	31.623788	22.780879	13.44693	32.148403	0
2	538	28.87723	15.626443	19.844701	35.651626	0
2	539	29.900932	23.961044	19.079003	27.059021	0
2	540	31.68612	14.384079	20.287178	33.642623	0
2	541	31.321911	20.089023	22.784916	25.804149	0
2	542	35.125373	14.028309	19.55563	31.290688	0
2	543	26.007141	16.563747	25.31401	32.115102	0
2	544	27.175329	20.717617	21.62094	30.486114	0
2	545	27.440434	13.241165	20.565618	38.752784	0
2	546	23.972372	23.386961	18.914252	33.726415	0
2	547	32.210101	16.595763	19.375763	31.818373	0
2	548	26.430196	23.974219	16.762154	32.833432	0
2	549	25.543478	17.44186	24.014156	33.000506	0
2	550	29.910244	11.630357	26.041886	32.417513	0
2	551	31.158596	18.046951	15.067223	35.727231	0
2	552	27.614551	20.246175	20.507524	31.63175	0
2	553	26.368159	18.462771	23.492706	31.676364	0
2	554	27.976893	18.797436	27.610052	25.615618	0
2	555	36.422305	14.193521	16.154884	33.22929	0
2	556	29.498376	15.242796	23.279754	31.979074	0
2	557	31.190918	15.762154	16.639939	36.406989	0
2	558	27.370198	21.663149	15.432672	35.533981	0
2	559	29.30423	21.578147	16.963607	32.154015	0
2	560	32.529561	20.717905	18.412162	28.340372	0
2	561	22.591545	20.306627	13.270262	43.831566	0
2	562	25.867241	19.085647	20.133519	34.913593	0
2	563	27.371846	16.587077	23.226134	32.814943	0
2	564	31.342716	15.08812	20.827522	32.741642	0
2	565	32.641414	24.807644	17.020377	25.530566	0
2	566	30.356086	21.500465	18.595111	29.548338	0
2	567	26.258567	16.617311	18.017599	39.106523	0
2	568	26.573279	15.417495	23.96208	34.047145	0
2	569	27.637595	18.611346	21.168501	32.582557	0
2	570	26.348117	17.075444	21.269115	35.307324	0
2	571	30.350937	21.361363	18.941256	29.346444	0
2	572	23.483017	26.188356	16.613662	33.714964	0
2	573	37.141524	19.60801	12.340913	30.909554	0
2	574	34.050773	15.439803	19.600102	30.909322	0
2	575	35.088167	17.875505	22.69386	24.342469	0
2	576	32.114305	26.79027	18.051539	23.043885	0
2	577	33.197157	15.587897	14.234648	36.980297	0
2	578	29.222577	24.447284	19.092652	27.237487	0
2	579	31.234278	22.796845	14.764443	31.204434	0
2	580	25.550623	15.938194	18.482158	40.029025	0
2	581	30.761014	17.540486	20.168354	31.530146	0
2	582	21.277051	28.885467	18.55701	31.280472	0
2	583	32.936389	17.562647	20.278432	29.222532	0
2	584	35.537332	11.051479	22.060023	31.351166	0
2	585	31.39945	20.135902	17.108206	31.356442	0
2	586	32.729625	15.528245	18.227684	33.514446	0
2	587	29.923882	21.274111	14.795433	34.006574	0
2	588	32.556929	15.53676	19.98265	31.923661	0
2	589	28.82079	18.62186	17.646803	34.910547	0
2	590	24.599843	13.99895	22.325724	39.075483	0
2	591	27.306322	15.516255	19.805552	37.371871	0
2	592	29.156872	13.837761	15.376769	41.628598	0
2	593	24.854169	20.726016	16.696581	37.723234	0
2	594	32.464757	17.32151	21.032287	29.181446	0
2	595	27.995547	17.047827	15.336086	39.620541	0
2	596	32.381862	16.625298	19.207637	31.785203	0
2	597	41.007301	18.154274	17.58804	23.250385	0
2	598	31.550224	20.805231	11.409154	36.235391	0
2	599	34.279047	12.509211	22.169	31.042741	0
2	600	32.779417	16.110612	19.331451	31.778519	0
2	601	31.03302	15.442268	21.982606	31.542106	0
2	602	22.298079	17.472807	26.579495	33.649618	0


