## htsjdk.samtools.metrics.StringHeader
# CollectMultipleMetrics INPUT=SAMPLE3_SE.trim.mkD.sorted.bam OUTPUT=SAMPLE3_SE.trim.mkD.CollectMultipleMetrics TMP_DIR=[tmp] VALIDATION_STRINGENCY=LENIENT REFERENCE_SEQUENCE=GCF_009858895.2_ASM985889v3_genomic.200409.fna    ASSUME_SORTED=true STOP_AFTER=0 METRIC_ACCUMULATION_LEVEL=[ALL_READS] PROGRAM=[CollectAlignmentSummaryMetrics, CollectBaseDistributionByCycle, CollectInsertSizeMetrics, MeanQualityByCycle, QualityScoreDistribution] INCLUDE_UNPAIRED=false VERBOSITY=INFO QUIET=false COMPRESSION_LEVEL=5 MAX_RECORDS_IN_RAM=500000 CREATE_INDEX=false CREATE_MD5_FILE=false GA4GH_CLIENT_SECRETS=client_secrets.json USE_JDK_DEFLATER=false USE_JDK_INFLATER=false
## htsjdk.samtools.metrics.StringHeader
# Started on: Tue Mar 02 18:12:40 CET 2021

## METRICS CLASS	picard.analysis.BaseDistributionByCycleMetrics
READ_END	CYCLE	PCT_A	PCT_C	PCT_G	PCT_T	PCT_N
1	1	25.477043	15.217627	22.138283	37.167047	0
1	2	12.586562	30.639314	33.962879	22.811245	0
1	3	36.055574	19.483339	18.215565	26.245523	0
1	4	24.608705	27.41995	23.245414	24.725931	0
1	5	31.93748	19.552806	20.332139	28.177575	0
1	6	31.19288	20.293064	20.004342	28.509715	0
1	7	32.794964	19.033974	23.64485	24.526213	0
1	8	36.118528	17.796592	18.984044	27.100836	0
1	9	28.453273	19.077391	28.993813	23.475524	0
1	10	26.846847	17.809617	23.076088	32.267448	0
1	11	21.356778	16.61131	22.930641	39.10127	0
1	12	21.384999	19.774232	19.235862	39.604906	0
1	13	19.763378	17.167047	24.541409	38.528167	0
1	14	24.890915	19.28145	27.415608	28.412026	0
1	15	30.921524	22.622381	22.390101	24.065994	0
1	16	23.319223	20.701183	29.321611	26.657983	0
1	17	23.874959	22.407468	24.385108	29.332465	0
1	18	32.232715	18.66493	23.762075	25.34028	0
1	19	22.85032	22.74612	23.499403	30.904157	0
1	20	30.298491	23.15858	22.307609	24.23532	0
1	21	19.420384	28.431564	23.273635	28.874417	0
1	22	25.470531	23.675242	21.869098	28.98513	0
1	23	28.991642	14.948442	21.610767	34.449148	0
1	24	25.980679	19.168566	23.911864	30.938891	0
1	25	40.555736	18.463041	14.679258	26.301965	0
1	26	34.308043	21.682405	14.314556	29.694996	0
1	27	35.282753	15.751655	18.66493	30.300662	0
1	28	25.385868	23.073917	20.375556	31.164659	0
1	29	33.724086	20.097688	15.004884	31.173342	0
1	30	28.67904	17.764029	17.629437	35.927494	0
1	31	32.773255	22.46391	15.026593	29.736242	0
1	32	29.747096	17.284272	17.820471	35.14816	0
1	33	31.770325	16.715511	20.570932	30.943232	0
1	34	29.896885	27.977857	17.025942	25.099316	0
1	35	30.465646	14.837729	22.739607	31.957017	0
1	36	35.873223	18.365353	23.560187	22.201237	0
1	37	39.81982	10.693585	23.043525	26.44307	0
1	38	29.668946	22.416151	19.676544	28.238359	0
1	39	29.671117	18.81906	17.99848	33.511343	0
1	40	32.391186	15.306632	17.091067	35.211115	0
1	41	24.682514	22.416151	16.711169	36.190166	0
1	42	31.366547	15.758168	24.181049	28.694236	0
1	43	30.702269	13.756648	19.309671	36.231412	0
1	44	37.234343	13.491805	15.831977	33.441876	0
1	45	28.474981	20.301748	17.955063	33.268208	0
1	46	35.063497	13.622056	18.215565	33.098882	0
1	47	32.512754	14.512102	18.206882	34.768262	0
1	48	33.780528	16.943449	19.407359	29.868664	0
1	49	29.877347	16.68729	17.683708	35.751655	0
1	50	34.427439	16.083795	13.359383	36.129382	0
1	51	32.289157	19.470314	17.186584	31.053946	0
1	52	24.257028	18.864648	18.66493	38.213394	0
1	53	28.848366	14.924563	26.710084	29.516987	0
1	54	36.244437	19.429068	16.989037	27.337458	0
1	55	26.425703	18.738739	22.20775	32.627809	0
1	56	28.175404	17.138826	18.901552	35.784218	0
1	57	26.601541	18.113535	19.952241	35.332682	0
1	58	26.132639	18.554217	23.827201	31.485944	0
1	59	32.567025	23.410398	14.470856	29.55172	0
1	60	30.213828	18.020189	21.152719	30.613264	0
1	61	28.596548	20.199718	20.323456	30.880278	0
1	62	32.601758	13.075003	21.41322	32.910018	0
1	63	29.195702	18.321936	21.832194	30.650168	0
1	64	28.027787	15.666992	24.524042	31.781179	0
1	65	27.741837	16.687652	26.122352	29.448159	0
1	66	28.080497	24.255384	21.363755	26.300365	0
1	67	27.535603	19.086488	23.439128	29.938781	0
1	68	28.616707	17.304185	14.54281	39.536297	0
1	69	26.481124	17.252459	20.126783	36.139635	0
1	70	27.27628	17.943207	24.223872	30.556641	0
1	71	22.461518	22.02297	22.329085	33.186427	0
1	72	25.648596	23.968216	19.402531	30.980656	0
1	73	21.280476	19.194112	21.697314	37.828098	0
1	74	23.603482	19.113784	18.955298	38.327435	0
1	75	29.05712	17.099064	25.785372	28.058444	0
1	76	36.564556	19.769436	16.050455	27.615553	0
1	77	32.574902	23.81459	15.323491	28.287017	0
1	78	45.434216	21.274425	12.190621	21.100738	0
1	79	31.860521	15.843411	21.755651	30.540417	0
1	80	24.290522	26.146998	21.124742	28.437737	0
1	81	25.851699	14.11356	24.81381	35.220931	0
1	82	22.257448	24.522279	20.075132	33.14514	0
1	83	31.303744	14.787631	20.049075	33.85955	0
1	84	39.497915	23.217078	13.933287	23.35172	0
1	85	28.869875	16.691279	18.385163	36.053683	0
1	86	27.995917	17.530296	19.200365	35.273422	0
1	87	30.530339	19.033141	20.208053	30.228467	0
1	88	31.944746	17.025759	23.202728	27.826767	0
1	89	30.837732	17.004409	19.039552	33.118308	0
1	90	31.57186	10.253904	22.073804	36.100432	0
1	91	30.329489	14.65433	22.762321	32.253861	0
1	92	30.369904	18.012989	13.642781	37.974326	0
1	93	26.405873	20.489151	16.820522	36.284454	0
1	94	26.582388	13.228203	24.573179	35.61623	0
1	95	31.089535	15.876015	16.234415	36.800035	0
1	96	29.764724	13.584324	21.211792	35.439161	0
1	97	27.519607	13.115644	26.17263	33.192118	0
1	98	26.469821	14.535263	19.691044	39.303872	0
1	99	32.929214	20.636162	17.03385	29.400773	0
1	100	25.244427	20.323296	20.679616	33.752662	0
1	101	35.787072	17.527431	14.872352	31.813145	0
1	102	33.258735	20.834782	19.428994	26.47749	0
1	103	26.412881	14.416705	18.399496	40.768746	0.002173
1	104	30.497795	22.002042	19.979141	27.518849	0.002173
1	105	28.744948	12.265873	17.104863	41.873452	0.010864
1	106	32.245448	16.957107	20.535831	30.261614	0
1	107	30.979336	20.812238	18.21777	29.986311	0.004346
1	108	39.019991	15.77575	18.394176	26.80791	0.002173
1	109	38.912188	19.415893	14.800409	24.355158	2.516352
1	110	34.84213	17.625329	16.475803	31.056737	0
1	111	26.81183	19.927418	16.485212	36.775539	0
1	112	33.268863	21.99235	12.126217	29.991742	2.620828
1	113	30.902966	23.570575	15.840487	27.193307	2.492665
1	114	29.722916	15.975225	21.51255	32.789308	0
1	115	38.670347	13.624707	17.910545	29.794401	0
1	116	21.781274	25.854125	17.784491	34.58011	0
1	117	29.291458	23.520974	15.251032	31.936536	0
1	118	29.895675	20.747664	14.903282	34.45338	0
1	119	29.986089	11.567553	25.515128	32.931229	0
1	120	17.588246	22.356981	24.478352	35.576421	0
1	121	24.044167	21.646706	20.351251	33.957876	0
1	122	32.399417	22.470494	14.92599	30.204099	0
1	123	29.422889	20.617324	16.843821	33.115966	0
1	124	26.599283	19.371807	16.367786	37.661124	0
1	125	29.303974	23.624033	15.902965	31.169029	0
1	126	28.217112	15.031302	25.44344	31.308147	0
1	127	24.450048	18.324494	17.059386	40.166073	0
1	128	24.630467	22.095905	21.198157	32.075472	0
1	129	28.208417	17.083297	16.044257	38.664029	0
1	130	27.919918	22.570267	18.998761	30.511054	0
1	131	32.105126	16.210165	15.999304	35.685405	0
1	132	26.338558	21.597357	24.386426	27.677659	0
1	133	22.584292	18.636551	24.462512	34.316645	0
1	134	26.351601	24.227734	16.240951	33.179713	0
1	135	32.890589	20.384339	22.342993	24.382079	0
1	136	31.428261	21.267391	20.606522	26.697826	0
1	137	30.858696	16.441304	16.945652	35.754348	0
1	138	27.317985	13.613339	21.356986	37.711689	0
1	139	22.20797	12.237755	20.281758	45.272518	0
1	140	26.043569	16.166623	25.480477	32.309331	0
1	141	26.829003	16.347429	23.609088	33.21448	0
1	142	27.896156	16.161506	30.570534	25.371804	0
1	143	35.711335	15.603053	15.296471	33.389141	0
1	144	33.745733	18.7341	23.284991	24.235176	0
1	145	36.314416	15.731681	17.436399	30.517504	0
1	146	33.199235	15.287261	14.491367	37.022137	0
1	147	32.137964	24.835265	15.918927	27.107844	0
1	148	28.247396	17.504295	16.001566	38.246743	0
1	149	27.753735	19.72903	14.087815	38.42942	0
1	150	31.411609	21.364417	15.627515	31.59646	0
1	151	24.871142	16.206694	25.938975	32.983189	0
1	152	23.661947	19.560253	23.037776	33.740023	0
1	153	26.342461	22.186215	16.183475	35.287849	0
1	154	29.478675	21.39455	16.205224	32.921551	0
1	155	32.928766	15.762915	17.411637	33.896683	0
1	156	31.960759	19.627164	17.391021	31.021056	0
1	157	34.414497	15.103657	24.240249	26.241598	0
1	158	35.733409	18.786322	18.172518	27.307751	0
1	159	29.025096	22.162245	20.294713	28.517946	0
1	160	30.509544	11.681867	24.456392	33.352197	0
1	161	26.04967	17.569597	24.24526	32.135472	0
1	162	27.767016	19.728794	17.367172	35.137018	0
1	163	24.75838	19.597301	25.071833	30.572486	0
1	164	24.862865	19.573357	19.973879	35.5899	0
1	165	28.537222	20.354811	19.240313	31.867653	0
1	166	34.913033	16.940593	25.828853	22.317522	0
1	167	28.600039	26.830224	16.474737	28.092823	0.002177
1	168	26.566378	22.495319	23.350895	27.585231	0.002177
1	169	32.140913	20.381458	20.078817	27.392279	0.006532
1	170	29.539714	16.525867	22.707281	31.227138	0
1	171	24.379464	16.689166	20.603989	38.327382	0
1	172	29.28279	18.57908	18.775039	33.360913	0.002177
1	173	28.44638	23.843223	15.568862	29.624388	2.517148
1	174	24.36252	15.983276	19.253969	40.398058	0.002178
1	175	33.405919	19.615443	17.60338	29.370903	0.004355
1	176	29.504127	27.733618	15.549119	27.213136	0
1	177	30.30402	13.264951	18.779128	37.651901	0
1	178	24.021081	16.592622	22.583736	36.802561	0
1	179	29.932269	18.635799	17.442342	31.55694	2.43265
1	180	31.012479	19.027811	25.509071	24.450639	0
1	181	32.073088	15.194808	22.86517	29.866934	0
1	182	27.223033	21.05756	16.412222	35.307185	0
1	183	35.386358	14.641955	16.292796	33.678892	0
1	184	37.543287	21.498421	16.696069	24.262224	0
1	185	26.625866	17.101538	14.781984	41.490613	0
1	186	20.094964	23.198728	22.584509	34.121798	0
1	187	31.238701	16.508026	19.333057	32.920215	0
1	188	30.771744	23.404997	11.997648	33.825612	0
1	189	29.508375	14.768346	25.57015	30.153129	0
1	190	39.041126	14.834016	20.560687	25.564172	0
1	191	34.776074	14.955999	12.740699	37.527228	0
1	192	30.285142	18.7161	20.07537	30.923389	0
1	193	30.552227	22.350506	17.239952	29.857314	0
1	194	24.605128	18.173896	22.833925	34.38705	0
1	195	24.479212	15.906912	24.254772	35.359104	0
1	196	22.914669	21.097359	20.907783	35.080188	0
1	197	29.05426	18.193506	19.150142	33.602092	0
1	198	23.179847	25.988799	25.359019	25.472335	0
1	199	34.518828	28.90734	12.13607	24.437762	0
1	200	28.958093	19.393292	22.616427	29.032188	0
1	201	22.471886	18.969575	21.345131	37.213408	0
1	202	33.851317	16.289257	13.196609	36.662816	0
1	203	26.873447	21.611666	21.334845	30.180043	0
1	204	37.028641	11.166572	22.779982	29.024805	0
1	205	28.151975	21.625687	23.796756	26.425582	0
1	206	36.740566	12.296994	16.401805	34.560635	0
1	207	30.858949	19.71223	20.067582	29.361238	0
1	208	24.391733	22.658498	20.960147	31.989622	0
1	209	24.762901	17.967166	20.581246	36.688687	0
1	210	25.092114	18.952624	14.507162	41.4481	0
1	211	26.986722	18.880677	17.367606	36.764994	0
1	212	26.216641	19.043258	21.502704	33.237398	0
1	213	30.87222	16.184038	20.71522	32.228522	0
1	214	25.969863	16.581983	20.095078	37.353076	0
1	215	25.99385	25.326559	19.813769	28.865822	0
1	216	25.662945	20.152216	16.776431	37.408409	0
1	217	37.591591	17.762125	18.047802	26.598482	0
1	218	34.891937	18.0926	20.491571	26.523892	0
1	219	24.611794	11.761755	24.55509	39.07136	0
1	220	28.793265	16.396589	19.491396	35.31875	0
1	221	26.79884	19.725621	20.242535	33.233004	0
1	222	28.998342	16.848443	16.872437	37.280778	0
1	223	25.211606	20.181065	26.592496	28.014834	0
1	224	30.57222	23.580357	18.519165	27.328258	0
1	225	30.980846	21.783237	16.577948	30.657969	0
1	226	32.657692	21.231427	19.298322	26.812559	0
1	227	32.85839	14.339952	21.970325	30.831333	0
1	228	33.553005	14.886746	28.173962	23.386287	0
1	229	26.306601	17.289689	22.773595	33.630115	0
1	230	25.720147	25.187675	17.226781	31.865398	0
1	231	25.673818	20.003928	17.972109	36.350145	0
1	232	31.321883	21.232623	13.572379	33.873115	0
1	233	31.230904	20.22261	13.50502	35.041467	0
1	234	34.292885	17.915757	19.096464	28.694893	0
1	235	31.309472	18.908773	22.588389	27.193365	0
1	236	29.668267	23.625055	13.072894	33.633784	0
1	237	28.484438	17.093719	19.885198	34.536645	0
1	238	29.261159	24.729892	19.439048	26.569901	0
1	239	30.752439	15.577045	19.017267	34.653249	0
1	240	31.878616	20.126624	22.567405	25.427355	0
1	241	33.419944	13.513395	21.157667	31.908994	0
1	242	26.125693	16.602612	25.533913	31.737782	0
1	243	27.599913	20.327582	21.773313	30.299192	0
1	244	27.726816	12.757175	21.283799	38.232211	0
1	245	23.058916	23.664924	19.495067	33.781093	0
1	246	32.60841	16.341399	17.982322	33.067869	0
1	247	27.500492	23.73471	17.09153	31.673268	0
1	248	25.705158	18.267358	24.442548	31.584936	0
1	249	29.850093	11.89408	25.646132	32.609695	0
1	250	32.285739	18.053489	15.746739	33.914033	0
1	251	26.660684	21.919937	20.545427	30.873952	0
1	252	25.445432	18.749726	23.425119	32.379722	0
1	253	27.081099	17.528729	27.486046	27.904126	0
1	254	34.091506	15.862522	15.759632	34.28634	0
1	255	28.772852	14.386426	23.761357	33.079365	0
1	256	31.382338	15.872912	16.190414	36.554337	0
1	257	26.962577	22.65093	15.023978	35.362516	0
1	258	29.280631	22.976021	16.415198	31.328151	0
1	259	31.552898	21.741892	18.148172	28.557037	0
1	260	24.357177	19.630733	13.060143	42.951947	0
1	261	25.691068	19.39151	21.231436	33.685986	0
1	262	28.555156	16.360729	23.304565	31.77955	0
1	263	30.871175	14.613042	21.642461	32.873322	0
1	264	32.285483	24.535039	17.702469	25.477009	0
1	265	30.379913	20.272994	20.130581	29.216511	0
1	266	26.331705	16.569888	18.156321	38.942086	0
1	267	25.595512	15.348542	24.333268	34.722679	0
1	268	27.160954	17.638292	21.412291	33.788463	0
1	269	25.835087	17.376819	20.302911	36.485183	0
1	270	29.655853	20.944761	18.829461	30.569925	0
1	271	23.228182	27.941338	15.910735	32.919745	0
1	272	36.858721	19.957467	12.367359	30.816452	0
1	273	35.086834	15.860451	19.068503	29.984212	0
1	274	33.792438	20.1158	21.561102	24.530661	0
1	275	31.408892	27.021869	18.647042	22.922196	0
1	276	32.207815	14.991553	14.818228	37.982404	0
1	277	28.057049	24.934723	18.262205	28.746023	0
1	278	32.37508	21.841603	15.036538	30.74678	0
1	279	25.085594	16.741287	19.155474	39.017646	0
1	280	30.235774	17.035476	20.943098	31.785652	0
1	281	21.192227	27.664947	18.812164	32.330662	0
1	282	33.104221	17.51065	19.816417	29.568712	0
1	283	35.877946	11.484809	22.446783	30.190462	0
1	284	31.12283	19.797847	16.08218	32.997143	0
1	285	31.360999	15.880517	18.933533	33.824952	0
1	286	30.871229	22.046794	13.987598	33.094379	0
1	287	32.398829	15.227868	21.61389	30.759413	0
1	288	28.625862	18.921657	18.203643	34.248838	0
1	289	24.496948	13.913561	21.830163	39.759328	0
1	290	26.637545	14.891786	20.921305	37.549364	0
1	291	29.058262	15.413667	15.115509	40.412562	0
1	292	25.275528	20.752003	16.675519	37.29695	0
1	293	31.536789	19.812284	21.403213	27.247715	0
1	294	28.489343	17.122113	15.389412	38.999131	0
1	295	33.412535	15.995696	19.03972	31.552049	0
1	296	40.992161	18.79278	16.635417	23.579642	0
1	297	33.101609	19.494461	12.219082	35.184848	0
1	298	32.584297	11.327464	24.614194	31.474046	0
1	299	31.778535	16.557221	19.472154	32.19209	0
1	300	32.229647	17.108959	22.948316	27.713078	0
1	301	20.594454	20.85378	27.656094	30.895671	0


