## htsjdk.samtools.metrics.StringHeader
# CollectMultipleMetrics INPUT=SAMPLE2_PE.trim.mkD.sorted.bam OUTPUT=SAMPLE2_PE.trim.mkD.CollectMultipleMetrics TMP_DIR=[tmp] VALIDATION_STRINGENCY=LENIENT REFERENCE_SEQUENCE=GCF_009858895.2_ASM985889v3_genomic.200409.fna    ASSUME_SORTED=true STOP_AFTER=0 METRIC_ACCUMULATION_LEVEL=[ALL_READS] PROGRAM=[CollectAlignmentSummaryMetrics, CollectBaseDistributionByCycle, CollectInsertSizeMetrics, MeanQualityByCycle, QualityScoreDistribution] INCLUDE_UNPAIRED=false VERBOSITY=INFO QUIET=false COMPRESSION_LEVEL=5 MAX_RECORDS_IN_RAM=500000 CREATE_INDEX=false CREATE_MD5_FILE=false GA4GH_CLIENT_SECRETS=client_secrets.json USE_JDK_DEFLATER=false USE_JDK_INFLATER=false
## htsjdk.samtools.metrics.StringHeader
# Started on: Thu Mar 04 22:27:52 CET 2021

## METRICS CLASS	picard.analysis.BaseDistributionByCycleMetrics
READ_END	CYCLE	PCT_A	PCT_C	PCT_G	PCT_T	PCT_N
1	1	24.592757	15.625494	21.561495	38.220254	0
1	2	11.065423	31.888871	34.793611	22.252096	0
1	3	35.394591	20.97633	17.02251	26.606569	0
1	4	24.524224	28.093205	23.838895	23.543677	0
1	5	31.699088	20.649481	21.287364	26.364068	0
1	6	32.015394	20.570404	19.489694	27.924508	0
1	7	33.728715	18.113765	24.139385	24.018135	0
1	8	35.637092	18.514418	19.526596	26.321894	0
1	9	26.258633	18.656756	30.154463	24.930149	0
1	10	28.246086	16.837999	23.095577	31.820338	0
1	11	21.883072	15.862723	22.768728	39.485476	0
1	12	20.238284	19.463335	18.324635	41.973747	0
1	13	17.865992	17.233381	24.598028	40.302599	0
1	14	22.742369	19.226106	28.883969	29.147557	0
1	15	31.91523	21.693289	22.542042	23.849439	0
1	16	23.28536	19.373715	30.217724	27.123201	0
1	17	23.19574	23.28536	25.014497	28.504402	0
1	18	32.943223	17.386262	26.163741	23.506774	0
1	19	22.183563	23.981233	25.056671	28.778533	0
1	20	32.616374	23.939058	21.677474	21.767094	0
1	21	18.245559	31.398598	20.61785	29.737994	0
1	22	25.436238	23.902156	23.016501	27.645105	0
1	23	30.128104	13.585323	21.419158	34.867415	0
1	24	25.768359	18.946703	24.877432	30.407507	0
1	25	40.260425	19.589857	14.897991	25.251727	0
1	26	36.296062	21.888344	13.769835	28.045759	0
1	27	33.828879	16.368812	20.939427	28.862882	0
1	28	25.515314	22.531499	19.895619	32.057568	0
1	29	34.334968	20.97633	15.456798	29.231905	0
1	30	29.595656	16.99088	17.017239	36.396225	0
1	31	33.538932	24.12357	14.871633	27.465865	0
1	32	30.602562	18.514418	16.874901	34.008119	0
1	33	32.474037	16.215931	19.811271	31.498761	0
1	34	30.549844	28.894512	14.966524	25.589119	0
1	35	28.905056	14.724023	23.786177	32.584744	0
1	36	37.097369	17.417892	22.447151	23.037588	0
1	37	38.330961	9.715852	25.684011	26.269176	0
1	38	29.274079	22.489325	18.472244	29.764352	0
1	39	30.222995	17.908166	18.9098	32.959038	0
1	40	31.820338	15.277558	17.987242	34.914861	0
1	41	25.420423	20.644209	16.769466	37.165902	0
1	42	29.094839	16.215931	24.629659	30.059571	0
1	43	30.966313	12.409721	19.95888	36.665085	0
1	44	38.800148	12.752385	16.026148	32.421319	0
1	45	28.646739	21.118667	17.713111	32.521482	0
1	46	36.865412	13.75402	17.512784	31.867784	0
1	47	33.691813	13.448258	18.134852	34.725078	0
1	48	32.748168	18.572408	19.378987	29.300438	0
1	49	32.547841	13.817281	18.408983	35.225895	0
1	50	34.698719	16.310823	11.244662	37.745796	0
1	51	33.386051	21.150298	16.516422	28.94723	0
1	52	23.76509	18.683115	17.945068	39.606727	0
1	53	28.963045	13.585323	27.982498	29.469134	0
1	54	36.902314	17.797459	16.516422	28.783805	0
1	55	26.13211	16.769466	23.248458	33.849966	0
1	56	27.761084	17.68148	18.493331	36.064105	0
1	57	26.411514	19.405346	18.799093	35.384048	0
1	58	26.432601	17.908166	25.320259	30.338974	0
1	59	33.649639	23.243186	13.374453	29.732722	0
1	60	29.342612	17.354631	21.688017	31.61474	0
1	61	27.102114	20.70747	21.471875	30.718541	0
1	62	31.873056	11.65586	23.185197	33.285888	0
1	63	29.073752	19.3579	23.127208	28.441141	0
1	64	27.497496	14.824187	24.882703	32.795614	0
1	65	27.061367	16.390763	25.943695	30.604175	0
1	66	25.105441	27.578026	20.560945	26.755588	0
1	67	25.864614	19.548714	23.618726	30.967946	0
1	68	26.797765	17.181569	14.366301	41.654365	0
1	69	24.546605	18.45213	20.545129	36.456137	0
1	70	26.723956	17.39245	25.727541	30.156052	0
1	71	21.963307	20.814003	22.416702	34.805989	0
1	72	24.694222	24.762758	20.365879	30.17714	0
1	73	21.32539	19.216575	22.759384	36.69865	0
1	74	22.469422	19.042598	19.148039	39.339941	0
1	75	28.07887	16.390763	25.811894	29.718473	0
1	76	36.64593	21.225221	14.376845	27.752003	0
1	77	32.208573	23.920493	14.889018	28.981916	0
1	78	47.761902	21.305425	11.261665	19.671008	0
1	79	33.132975	15.949594	21.153643	29.763788	0
1	80	24.412106	26.732047	21.564906	27.290942	0
1	81	26.652958	13.392386	25.013181	34.941474	0
1	82	21.359274	25.123906	21.501635	32.015185	0
1	83	32.052093	13.893283	20.225667	33.828957	0
1	84	40.851086	24.593968	12.681924	21.873023	0
1	85	27.96351	16.71061	18.756591	36.569289	0
1	86	27.41272	17.656365	18.879865	36.051049	0
1	87	30.424006	19.602363	20.108638	29.864993	0
1	88	31.181435	17.969409	24.240506	26.60865	0
1	89	30.622363	17.236287	19.836498	32.304852	0
1	90	30.690928	9.67827	22.325949	37.304852	0
1	91	28.950422	14.767932	23.781646	32.5	0
1	92	28.545809	17.437629	13.861491	40.155071	0
1	93	25.296693	21.630888	15.839443	37.232976	0
1	94	25.514295	13.751451	25.635616	35.098639	0
1	95	30.240532	15.587087	15.165102	39.007279	0
1	96	29.197003	13.912631	20.101298	36.789068	0
1	97	27.582568	12.382611	27.218529	32.816292	0
1	98	25.62655	15.406532	18.028808	40.93811	0
1	99	32.62808	21.083733	16.488155	29.800032	0
1	100	24.597689	21.31061	20.508627	33.583074	0
1	101	37.66686	18.530048	14.456814	29.346278	0
1	102	33.076558	20.186778	20.825199	25.911465	0
1	103	24.397193	14.857806	17.627816	43.117185	0
1	104	30.696987	23.347227	19.23706	26.718725	0
1	105	29.441249	11.259431	16.361526	42.937793	0
1	106	31.994935	16.034401	20.04432	31.926344	0
1	107	32.527832	20.877961	17.31652	29.267134	0.010552
1	108	38.275644	17.760659	18.267201	25.696496	0
1	109	40.726083	19.344626	14.574429	22.653158	2.701704
1	110	36.562714	17.972666	15.661443	29.803177	0
1	111	27.085642	19.233814	16.474065	37.20648	0
1	112	33.952507	21.741425	11.604222	30	2.701847
1	113	31.614776	24.965699	15.097625	25.804749	2.51715
1	114	29.562005	15.656992	22.23219	32.548813	0
1	115	38.485488	13.540897	18.031662	29.941953	0
1	116	20.854881	25.097625	17.62533	36.422164	0
1	117	28.279683	22.965699	14.738786	34.015831	0
1	118	30.564644	20.55409	15.182058	33.699208	0
1	119	27.902681	10.745197	25.738864	35.613257	0
1	120	16.761664	22.519527	24.97889	35.73992	0
1	121	22.772852	22.614524	21.395398	33.217226	0
1	122	31.190627	23.216171	15.695588	29.897615	0
1	123	30.082331	19.236859	16.43973	34.241081	0
1	124	25.823306	20.397931	16.08613	37.692632	0
1	125	27.649356	24.430019	15.014777	32.905848	0
1	126	29.338189	15.173105	25.691366	29.79734	0
1	127	22.683133	19.031032	18.091619	40.194216	0
1	128	24.746675	22.234537	20.587925	32.430863	0
1	129	30.515094	15.600591	15.183661	38.700654	0
1	130	27.327422	25.891915	17.426641	29.354022	0
1	131	32.831961	15.595313	15.104497	36.468229	0
1	132	27.248258	20.735698	22.936458	29.079586	0
1	133	21.179016	19.18936	25.538315	34.093308	0
1	134	25.564703	25.538315	15.268102	33.628879	0
1	135	34.035254	20.276546	20.70931	24.97889	0
1	136	28.889593	20.287102	23.131729	27.691577	0
1	137	30.177327	16.181127	17.542749	36.098797	0
1	138	26.43023	13.742875	20.835972	38.990923	0
1	139	22.419253	11.172683	19.648512	46.759552	0
1	140	24.214915	15.844197	29.339737	30.601151	0
1	141	29.250013	15.659471	23.154061	31.936454	0
1	142	27.043859	16.240038	31.260886	25.455217	0
1	143	36.118442	15.802808	15.955875	32.122876	0
1	144	34.640557	18.853584	24.042014	22.463845	0
1	145	38.219149	14.931912	17.338752	29.510187	0
1	146	33.380839	16.062286	11.950383	38.606492	0
1	147	31.762035	25.665118	15.920608	26.652238	0
1	148	25.443412	18.016258	16.601562	39.938767	0
1	149	26.705025	20.032728	13.318201	39.944046	0
1	150	30.041174	23.23163	15.054899	31.672297	0
1	151	24.077496	15.562477	27.41382	32.946207	0
1	152	23.818825	19.263052	23.512643	33.40548	0
1	153	26.987646	22.980678	15.135677	34.895998	0
1	154	31.079084	21.206842	14.818921	32.895154	0
1	155	34.494774	15.848379	16.239046	33.417802	0
1	156	30.147835	19.514256	18.051742	32.286167	0
1	157	35.888906	14.472781	23.496489	26.141824	0
1	158	36.826537	19.437989	17.895626	25.839848	0
1	159	28.660469	21.497993	21.281428	28.56011	0
1	160	30.952884	10.363406	25.369744	33.313966	0
1	161	26.848722	18.444961	23.25692	31.449398	0
1	162	26.103951	22.184661	16.601521	35.109867	0
1	163	22.46461	21.497993	25.206	30.831397	0
1	164	24.186562	19.997887	20.38876	35.426791	0
1	165	26.236003	21.904712	18.386858	33.472428	0
1	166	36.967776	16.275753	26.925515	19.830956	0
1	167	28.917063	27.062863	16.069731	27.950343	0
1	168	25.886206	23.593428	23.683237	26.837128	0
1	169	34.27545	20.069734	18.912779	26.742036	0
1	170	28.967667	17.186179	22.37426	31.471893	0
1	171	24.947168	14.898563	20.002113	40.152156	0
1	172	28.391801	18.195266	20.197591	33.210059	0.005283
1	173	27.921598	24.439983	15.463863	29.474852	2.699704
1	174	23.821851	13.884193	20.044379	42.249577	0
1	175	33.27874	20.762891	17.112215	28.835587	0.010566
1	176	28.317836	29.812975	16.113694	25.755495	0
1	177	30.515638	13.709848	17.143914	38.6306	0
1	178	21.999155	18.306213	23.515427	36.179205	0
1	179	28.772189	18.612637	18.126585	32.333052	2.155537
1	180	30.621302	18.623204	27.752536	23.002959	0
1	181	33.64328	14.771767	23.562975	28.021978	0
1	182	29.110313	21.032333	15.273669	34.583686	0
1	183	35.724852	14.597422	16.288039	33.389687	0
1	184	36.591293	23.198436	18.369611	21.840659	0
1	185	24.572063	17.582418	15.051775	42.793745	0
1	186	17.688081	22.83918	21.777261	37.695478	0
1	187	29.094463	17.011834	20.636095	33.257608	0
1	188	30.864328	21.005917	12.262257	35.867498	0
1	189	27.974429	14.275148	26.627219	31.123204	0
1	190	40.025359	14.977811	19.590025	25.406805	0
1	191	36.364117	13.535503	11.306002	38.794379	0
1	192	30.087701	17.165046	21.196112	31.551141	0
1	193	30.948859	21.856509	16.990702	30.203931	0
1	194	23.750396	18.139068	23.3594	34.751136	0
1	195	22.928118	17.251586	23.705074	36.115222	0
1	196	21.384778	21.495772	22.341438	34.778013	0
1	197	31.09408	17.135307	19.910148	31.860465	0
1	198	22.933404	26.707188	25.211416	25.147992	0
1	199	35.641419	28.944447	12.252233	23.161901	0
1	200	28.759448	19.826629	20.249485	31.164438	0
1	201	22.424274	19.453402	18.967067	39.155257	0
1	202	35.830206	15.065814	13.691389	35.412592	0
1	203	26.530612	23.834197	22.004864	27.630327	0
1	204	38.098763	11.002432	23.638575	27.260231	0
1	205	27.894681	22.306228	25.33573	24.46336	0
1	206	37.096177	12.985777	15.5713	34.346746	0
1	207	31.747039	18.776438	19.601311	29.875212	0
1	208	22.447253	24.573	20.094125	32.885622	0
1	209	22.775104	19.644651	20.062398	37.517847	0
1	210	24.261012	19.586484	12.654011	43.498493	0
1	211	28.565385	19.676379	13.568822	38.189414	0
1	212	25.844836	19.387593	21.624623	33.142948	0
1	213	32.437721	15.079071	19.85508	32.628127	0
1	214	25.226131	14.556996	22.650093	37.566781	0
1	215	25.749802	23.570484	19.86247	30.817244	0
1	216	24.908754	19.99471	15.059508	40.037027	0
1	217	37.371066	18.243851	19.613859	24.771225	0
1	218	37.986669	17.197419	20.408379	24.407533	0
1	219	24.941811	13.002539	22.947524	39.108125	0
1	220	30.453872	16.118282	19.614896	33.81295	0
1	221	26.096387	18.727186	21.832513	33.343914	0
1	222	28.926625	16.066233	16.29371	38.713432	0
1	223	23.63646	20.430619	27.8104	28.12252	0
1	224	28.841983	23.282019	19.399037	28.476961	0
1	225	29.519124	25.064805	14.727821	30.688251	0
1	226	33.758332	20.532219	19.437097	26.272352	0
1	227	33.075865	14.024971	23.018728	29.880436	0
1	228	35.343915	13.915344	27.587302	23.153439	0
1	229	25.329383	17.66231	25.006614	32.001693	0
1	230	22.990634	25.519869	17.022065	34.467432	0
1	231	23.773745	19.609503	17.86867	38.748082	0
1	232	30.932854	22.154611	13.630351	33.282184	0
1	233	29.324303	21.773639	13.931954	34.970104	0
1	234	33.874808	17.41362	18.228478	30.483094	0
1	235	31.186835	18.768189	23.683793	26.361183	0
1	236	28.170803	25.509286	12.498016	33.821895	0
1	237	28.223716	18.52479	19.35023	33.901265	0
1	238	28.463329	25.632342	20.600063	25.304265	0
1	239	29.703127	16.499974	17.108536	36.688363	0
1	240	32.587183	19.876171	22.31042	25.226226	0
1	241	30.992326	12.707065	23.551204	32.749405	0
1	242	25.800476	15.956602	26.345594	31.897327	0
1	243	27.896269	19.412543	21.741201	30.949987	0
1	244	28.123842	11.743848	21.497751	38.634559	0
1	245	22.0868	24.068677	19.771077	34.073446	0
1	246	32.697403	17.154213	15.99894	34.149444	0
1	247	29.703233	24.069952	16.327504	29.899311	0
1	248	25.712772	19.056704	25.850556	29.379968	0
1	249	30.36566	11.981982	24.652888	32.99947	0
1	250	33.902168	17.806985	16.890137	31.40071	0
1	251	25.938096	23.425906	20.442018	30.193979	0
1	252	23.616706	19.647021	23.319907	33.416366	0
1	253	25.769863	16.139291	27.990672	30.100175	0
1	254	31.647851	17.496157	14.665819	36.190173	0
1	255	28.076964	13.240751	23.894837	34.787448	0
1	256	31.296051	16.273522	15.531407	36.899019	0
1	257	26.378287	22.98028	14.848388	35.793045	0
1	258	30.928272	24.015268	14.727244	30.329216	0
1	259	30.064147	22.621004	18.003499	29.31135	0
1	260	25.675962	19.441205	12.225639	42.657194	0
1	261	26.122687	19.776258	21.965962	32.135094	0
1	262	29.526536	15.916441	23.365675	31.191347	0
1	263	30.083241	13.965325	22.819575	33.131859	0
1	264	32.458512	23.789831	17.814538	25.937119	0
1	265	29.984093	18.875928	22.104984	29.034995	0
1	266	26.688938	16.544703	17.531021	39.235338	0
1	267	23.625179	15.320571	24.457761	36.596489	0
1	268	26.382776	17.28801	20.883492	35.445723	0
1	269	25.572762	17.225286	19.314807	37.887145	0
1	270	29.456378	20.05834	18.70061	31.784673	0
1	271	22.285866	30.601962	14.834261	32.27791	0
1	272	36.209823	20.17609	12.11414	31.499947	0
1	273	36.71759	15.626989	18.788457	28.866964	0
1	274	33.303273	22.428518	20.842396	23.425813	0
1	275	30.709246	27.786324	18.959206	22.545223	0
1	276	31.451613	14.3941	14.542657	39.61163	0
1	277	27.689941	25.302419	17.853353	29.154287	0
1	278	33.749005	20.89679	14.741311	30.612895	0
1	279	23.885587	17.660794	20.032902	38.420717	0
1	280	29.411453	17.80502	21.03699	31.746537	0
1	281	20.862966	26.870821	18.591445	33.674769	0
1	282	32.519505	17.950215	18.624277	30.906003	0
1	283	37.148317	11.439643	23.144708	28.267332	0
1	284	31.15111	19.576298	14.686206	34.586386	0
1	285	30.524136	15.458552	19.829005	34.188307	0
1	286	31.423261	23.313861	13.181094	32.081784	0
1	287	33.046526	14.414702	23.008286	29.530487	0
1	288	28.524364	19.076465	18.550401	33.84877	0
1	289	24.133716	13.015519	21.885629	40.965136	0
1	290	26.474499	14.311546	21.794395	37.419561	0
1	291	29.527559	16.742924	13.678442	40.051075	0
1	292	26.233088	20.75743	16.975605	36.033877	0
1	293	30.628468	22.32181	22.001707	25.048015	0
1	294	29.063118	16.428839	15.167549	39.340495	0
1	295	34.125154	15.223336	19.459488	31.192021	0
1	296	40.801379	18.898104	15.494399	24.806118	0
1	297	34.221356	18.507689	12.118259	35.152697	0
1	298	30.896764	10.830675	25.341841	32.93072	0
1	299	31.784956	15.420891	20.519925	32.274228	0
1	300	32.35991	18.533461	21.959654	27.146974	0
1	301	17.943823	22.079811	29.70639	30.269975	0
2	302	24.487538	15.344891	21.821152	38.346419	0
2	303	11.403278	31.243084	34.620857	22.732782	0
2	304	34.968646	21.879117	16.904674	26.247563	0
2	305	24.187174	29.319703	23.760341	22.732782	0
2	306	32.265374	20.145439	21.61037	25.978816	0
2	307	31.601412	20.630237	19.650103	28.118248	0
2	308	33.588028	18.88075	24.018549	23.512673	0
2	309	35.60626	18.190441	19.360278	26.84302	0
2	310	26.110555	18.891289	30.320915	24.677241	0
2	311	29.182695	17.073299	21.963429	31.780576	0
2	312	22.437688	16.087896	22.163672	39.310745	0
2	313	20.656584	19.90831	18.469727	40.965379	0
2	314	17.368393	17.40528	24.492807	40.73352	0
2	315	22.838173	19.007219	29.040417	29.114191	0
2	316	33.018918	20.851557	22.653739	23.475786	0
2	317	24.065975	19.244348	29.751805	26.937872	0
2	318	23.55483	23.881541	23.275544	29.288086	0
2	319	32.613163	17.331507	26.790325	23.265005	0
2	320	22.579965	23.902619	24.893292	28.624124	0
2	321	33.303473	23.270275	21.852769	21.573484	0
2	322	18.058703	30.905833	20.898983	30.136481	0
2	323	24.498077	24.476998	23.623334	27.401591	0
2	324	30.120672	13.906308	20.978026	34.994994	0
2	325	25.420246	19.165305	25.752226	29.662223	0
2	326	40.543816	19.68172	14.475418	25.299046	0
2	327	36.322917	21.900195	13.65337	28.123518	0
2	328	33.598567	16.430416	20.498498	29.472519	0
2	329	25.799652	21.973968	19.918849	32.30753	0
2	330	35.374401	20.382568	14.949676	29.293355	0
2	331	30.336723	16.931022	17.352585	35.37967	0
2	332	32.739632	24.550772	14.849555	27.860041	0
2	333	30.220794	18.000738	16.625389	35.15308	0
2	334	33.155926	15.613638	19.866154	31.364283	0
2	335	29.862465	29.035148	15.392317	25.71007	0
2	336	28.55035	13.974812	23.744533	33.730305	0
2	337	37.023766	17.500132	22.801286	22.674817	0
2	338	38.941877	10.085893	25.14096	25.831269	0
2	339	30.352532	21.125573	18.754281	29.767613	0
2	340	29.878274	18.791168	18.074511	33.256047	0
2	341	32.302261	14.507035	18.274754	34.915951	0
2	342	25.783844	20.698741	16.130052	37.387364	0
2	343	29.58318	16.72024	24.703589	28.992992	0
2	344	29.709649	12.17263	20.387838	37.729884	0
2	345	38.931338	12.678506	15.745376	32.644781	0
2	346	27.918006	21.099225	18.453918	32.528851	0
2	347	35.674764	13.953733	18.074511	32.296991	0
2	348	33.551141	12.773357	17.800495	35.875007	0
2	349	32.839753	19.10734	19.186384	28.866523	0
2	350	33.124308	13.379354	18.859672	34.636665	0
2	351	34.742056	16.625389	10.944828	37.687727	0
2	352	33.092691	21.657796	16.61485	28.634663	0
2	353	23.517943	19.412974	17.63714	39.431944	0
2	354	28.750593	13.864151	27.717764	29.667492	0
2	355	37.31359	18.158824	15.408126	29.11946	0
2	356	25.515097	16.751858	23.839385	33.893661	0
2	357	27.918006	17.63187	18.348527	36.101597	0
2	358	26.61643	19.207462	18.643621	35.532487	0
2	359	25.847078	18.448648	25.910312	29.793961	0
2	360	33.930548	23.127997	13.263424	29.678031	0
2	361	29.061495	17.215577	22.664278	31.05865	0
2	362	27.180271	21.257311	21.283659	30.278758	0
2	363	31.448596	11.71418	22.933024	33.9042	0
2	364	28.850714	19.34447	23.180692	28.624124	0
2	365	27.106497	14.707277	24.624546	33.56168	0
2	366	26.549325	16.088744	25.953836	31.408094	0
2	367	25.115936	27.229132	20.615514	27.039418	0
2	368	26.586214	19.919899	23.397976	30.095911	0
2	369	27.455734	17.227024	13.91758	41.399663	0
2	370	24.451939	18.507589	20.557546	36.482926	0
2	371	26.596754	17.848862	25.426855	30.12753	0
2	372	21.780143	20.879005	21.658938	35.681914	0
2	373	24.325464	25.231872	20.905354	29.53731	0
2	374	21.500843	18.612985	22.280776	37.605396	0
2	375	22.72344	18.950253	18.981872	39.344435	0
2	376	28.609823	15.646079	25.753583	29.990514	0
2	377	35.813659	21.57989	15.145447	27.461003	0
2	378	32.980237	23.378129	14.571805	29.069829	0
2	379	47.836627	21.006588	11.841897	19.314888	0
2	380	31.717087	16.854643	21.250132	30.178139	0
2	381	24.296406	26.146305	21.93528	27.622009	0
2	382	25.956572	13.044166	25.882787	35.116475	0
2	383	21.576895	24.21735	21.439865	32.76589	0
2	384	32.76589	13.365658	19.94835	33.920101	0
2	385	41.007801	24.936749	13.045541	21.009909	0
2	386	26.744676	16.982922	19.049125	37.223276	0
2	387	28.423827	17.264101	18.798102	35.513969	0
2	388	30.347918	19.973643	20.089615	29.588824	0
2	389	31.679671	18.668283	22.659216	26.99283	0
2	390	30.820329	17.229017	19.469633	32.481021	0
2	391	30.751792	9.832349	21.689161	37.726698	0
2	392	29.465415	14.730072	23.529102	32.275411	0
2	393	28.823747	16.428534	13.497127	41.250593	0
2	394	25.417831	22.539147	15.60078	36.442242	0
2	395	25.144996	13.081303	26.705684	35.068016	0
2	396	29.421069	15.991775	14.905621	39.681535	0
2	397	29.116127	13.980593	20.235207	36.668073	0
2	398	27.22814	12.34047	27.344162	33.087227	0
2	399	26.053478	14.55092	17.535995	41.859607	0
2	400	32.461368	21.217235	16.570856	29.750541	0
2	401	23.875323	22.045251	19.323875	34.755551	0
2	402	37.039186	18.944149	14.181741	29.834924	0
2	403	32.804177	19.640314	21.465113	26.090396	0
2	404	23.738199	14.392701	18.242709	43.626391	0
2	405	31.026845	23.221349	18.785929	26.965877	0
2	406	29.956226	11.201941	15.727019	43.114815	0
2	407	31.485681	16.180581	20.884974	31.448763	0
2	408	31.939244	20.531618	17.615105	29.914034	0
2	409	37.937764	17.89557	18.190928	25.975738	0
2	410	41.948415	19.320639	15.285616	23.445329	0
2	411	36.515639	18.297379	15.733952	29.45303	0
2	412	26.720819	18.750989	16.704468	37.823725	0
2	413	34.63973	22.381053	11.926364	31.052854	0
2	414	32.334634	26.411014	14.827513	26.426838	0
2	415	29.591729	15.418293	22.138411	32.851567	0
2	416	37.361536	13.603756	18.625382	30.409326	0
2	417	20.71421	24.802194	17.39635	37.087245	0
2	418	28.230826	22.766115	14.985758	34.017301	0
2	419	29.612828	20.128706	15.624011	34.634455	0
2	420	27.590209	10.91475	26.113104	35.381937	0
2	421	16.949778	22.446719	24.762608	35.840895	0
2	422	22.219878	22.262081	22.098544	33.419498	0
2	423	30.322853	22.963705	16.41169	30.301751	0
2	424	30.707955	19.539987	16.000211	33.751846	0
2	425	26.271365	20.927411	15.588732	37.212492	0
2	426	27.278962	24.672927	14.707744	33.340367	0
2	427	29.826968	14.71302	25.617219	29.842794	0
2	428	22.135472	18.564043	17.915172	41.385313	0
2	429	24.984174	21.718717	20.436801	32.860308	0
2	430	29.331083	15.794471	15.694239	39.180207	0
2	431	26.645917	25.158261	18.648449	29.547373	0
2	432	32.0479	15.298586	15.4885	37.165014	0
2	433	27.062671	20.91686	22.874024	29.146444	0
2	434	21.412745	19.075754	25.685799	33.825702	0
2	435	25.279595	26.408525	14.908208	33.403672	0
2	436	34.015615	21.76092	20.062249	24.161215	0
2	437	29.01456	21.101498	23.179996	26.703946	0
2	438	30.491665	15.583456	17.59865	36.326229	0
2	439	25.142435	14.143279	20.705845	40.008441	0
2	440	22.172399	11.220722	20.42625	46.180629	0
2	441	23.951464	15.204432	29.881298	30.962807	0
2	442	29.633342	15.811132	22.922712	31.632815	0
2	443	26.568188	16.750198	30.962807	25.718808	0
2	444	36.370351	16.365075	15.378528	31.886046	0
2	445	35.167502	18.723292	24.030599	22.078607	0
2	446	38.844632	15.114745	16.349248	29.691374	0
2	447	33.776512	16.270972	12.002743	37.949773	0
2	448	30.97135	26.064475	16.013296	26.950878	0
2	449	25.552683	17.722788	17.179338	39.545191	0
2	450	27.78452	18.904659	13.575687	39.735134	0
2	451	29.409592	23.953991	14.662586	31.97383	0
2	452	24.551499	16.262136	26.904812	32.281553	0
2	453	23.654496	19.164204	22.683622	34.497678	0
2	454	27.555274	22.990871	15.50314	33.950715	0
2	455	31.301778	20.80629	14.759116	33.132816	0
2	456	34.768614	15.993879	16.394913	32.842594	0
2	457	30.239063	19.842736	17.631537	32.286664	0
2	458	34.85856	14.434241	24.387798	26.3194	0
2	459	37.426746	19.92503	17.290534	25.35769	0
2	460	27.8338	21.910142	21.244918	29.01114	0
2	461	30.441899	10.643577	25.732538	33.181986	0
2	462	26.677578	17.897682	23.441212	31.983528	0
2	463	25.700861	21.894303	16.171269	36.233567	0
2	464	21.857346	21.984056	24.592155	31.566443	0
2	465	24.729423	19.629375	20.268201	35.373	0
2	466	26.41888	22.084367	18.145821	33.350932	0
2	467	38.373812	15.696938	26.304118	19.625132	0
2	468	29.894403	26.430834	16.124604	27.550158	0
2	469	26.817678	23.887217	23.037119	26.257986	0
2	470	34.347114	19.763451	19.325202	26.564233	0
2	471	29.32573	16.410581	21.395005	32.868684	0
2	472	24.589471	14.599504	19.678969	41.132056	0
2	473	28.560114	18.200539	19.990496	33.248852	0
2	474	28.179946	25.988701	14.763187	31.068166	0
2	475	24.003379	13.459	20.302022	42.235599	0
2	476	34.169395	20.139402	16.554018	29.137184	0
2	477	27.780125	30.874432	14.763967	26.581476	0
2	478	30.594572	13.396346	16.84972	39.159362	0
2	479	21.792164	17.858274	24.490442	35.859119	0
2	480	28.820361	19.004119	18.581688	33.593833	0
2	481	29.633541	18.576407	29.031577	22.758475	0
2	482	33.350935	14.109198	24.368994	28.170873	0
2	483	28.767557	19.954589	15.027986	36.249868	0
2	484	35.797645	13.951523	16.565454	33.685378	0
2	485	37.02804	23.33527	17.985953	21.650737	0
2	486	25.067329	16.818926	15.208322	42.905423	0
2	487	18.081005	23.129324	21.692982	37.096689	0
2	488	29.017268	17.267783	19.908116	33.806833	0
2	489	30.131489	21.83556	12.134974	35.897978	0
2	490	27.628452	15.19248	26.450863	30.728204	0
2	491	40.19116	14.548239	20.040133	25.220468	0
2	492	36.040556	13.523789	11.041876	39.393779	0
2	493	30.189576	17.051275	21.877805	30.881343	0
2	494	30.633152	21.888367	16.539051	30.939431	0
2	495	24.108793	18.537101	23.432796	33.92131	0
2	496	23.334566	17.581489	23.635691	35.448254	0
2	497	20.777643	22.219874	21.839506	35.162977	0
2	498	31.269481	17.253949	19.726346	31.750225	0
2	499	23.128533	26.572983	24.856041	25.442443	0
2	500	36.681107	28.101226	12.769442	22.448225	0
2	501	29.078614	19.854184	19.928149	31.139053	0
2	502	22.540421	19.185248	18.42439	39.849942	0
2	503	36.59516	15.15904	13.003276	35.242524	0
2	504	26.782223	23.674893	21.761877	27.781007	0
2	505	38.455847	11.29842	22.496433	27.7493	0
2	506	28.399302	21.608624	26.380595	23.611478	0
2	507	37.18091	12.594472	15.501295	34.723323	0
2	508	31.358351	18.689218	19.762156	30.190275	0
2	509	21.688339	25.404377	20.578285	32.328999	0
2	510	22.470663	19.996828	19.854107	37.678402	0
2	511	24.39076	20.182904	12.438547	42.987789	0
2	512	27.805677	19.516837	14.299308	38.378178	0
2	513	25.919856	19.190104	22.679213	32.210827	0
2	514	32.684784	14.423179	20.350005	32.542032	0
2	515	25.491751	15.186125	23.096447	36.225677	0
2	516	26.337775	23.413706	19.484983	30.763536	0
2	517	25.190355	20.156514	15.207276	39.445854	0
2	518	36.865482	19.183587	20.214679	23.736252	0
2	519	38.284596	17.904923	19.819153	23.991328	0
2	520	24.372059	13.299138	23.24573	39.083073	0
2	521	30.659405	16.027709	19.549469	33.763418	0
2	522	25.637229	18.662084	22.014807	33.68588	0
2	523	29.307245	16.742464	16.356425	37.593866	0
2	524	23.619632	20.689655	27.781891	27.908822	0
2	525	29.754601	22.493125	19.515549	28.236725	0
2	526	29.040618	25	15.443199	30.516184	0
2	527	32.686307	21.642778	19.74401	25.926905	0
2	528	33.148207	13.984978	22.744102	30.122712	0
2	529	35.876005	13.827761	27.057766	23.238468	0
2	530	25.678464	17.134846	25.56208	31.62461	0
2	531	22.833563	25.224844	17.082848	34.858745	0
2	532	24.261983	18.701725	18.479526	38.556766	0
2	533	31.225861	22.892969	13.866991	32.014179	0
2	534	29.031746	22.148148	14.174603	34.645503	0
2	535	33.550265	17.666667	18.285714	30.497354	0
2	536	31.954072	17.757553	24.461612	25.826763	0
2	537	28.182876	25.336014	12.551593	33.929516	0
2	538	27.312659	18.691787	19.490898	34.504657	0
2	539	28.349915	25.296359	21.030906	25.32282	0
2	540	28.981212	16.295316	17.221487	37.501985	0
2	541	32.939931	19.354327	22.39746	25.308283	0
2	542	30.349865	13.253586	23.532525	32.864024	0
2	543	25.723813	15.280792	26.972953	32.022442	0
2	544	27.179379	19.531043	21.515905	31.773673	0
2	545	27.82512	11.549251	21.20362	39.422008	0
2	546	22.153911	24.719101	19.196523	33.930464	0
2	547	32.165386	17.455606	16.443149	33.93586	0
2	548	29.892918	24.029898	16.15246	29.924724	0
2	549	26.065522	19.455047	25.811069	28.668363	0
2	550	30.582061	12.287956	24.766751	32.363232	0
2	551	33.791092	18.096501	17.704136	30.408271	0
2	552	26.085804	22.888052	20.183486	30.842658	0
2	553	23.269873	20.3797	23.476693	32.873734	0
2	554	25.395142	15.858704	27.988756	30.757399	0
2	555	31.243369	17.096329	14.783577	36.876724	0
2	556	27.579439	12.959525	23.892632	35.568405	0
2	557	31.218166	16.192699	15.736418	36.852716	0
2	558	26.361032	22.52998	15.048286	36.060703	0
2	559	31.684797	22.860175	15.144601	30.310427	0
2	560	30.080136	21.912647	18.272037	29.73518	0
2	561	25.916883	19.542487	11.947349	42.593281	0
2	562	26.968201	19.620959	22.062961	31.347879	0
2	563	30.09451	15.981735	22.793883	31.129872	0
2	564	29.323987	14.513303	23.073655	33.089055	0
2	565	32.595189	23.477245	18.294302	25.633264	0
2	566	29.724849	18.686922	22.394561	29.193668	0
2	567	26.95107	16.995165	17.707061	38.346704	0
2	568	23.37407	15.233794	24.373007	37.019129	0
2	569	26.506536	17.96684	20.666383	34.86024	0
2	570	26.323342	16.985544	19.515306	37.175808	0
2	571	30.442873	19.777766	18.741028	31.038333	0
2	572	21.937989	30.590863	15.423071	32.048077	0
2	573	37.088877	20.05322	11.261309	31.596594	0
2	574	37.649752	16.143975	18.630531	27.575741	0
2	575	33.663683	22.90601	20.641517	22.788789	0
2	576	30.093827	28.515833	18.333511	23.056829	0
2	577	31.681954	14.057167	13.881186	40.379693	0
2	578	28.08581	25.145419	17.711724	29.057047	0
2	579	33.646657	21.122623	14.16364	31.06708	0
2	580	23.881793	18.473788	19.718912	37.925506	0
2	581	30.420591	18.043664	20.842252	30.693493	0
2	582	20.471471	27.913207	19.32494	32.290383	0
2	583	33.292212	17.233426	18.51534	30.959022	0
2	584	36.94531	12.436875	22.719458	27.898356	0
2	585	32.025616	19.292864	14.686256	33.995264	0
2	586	30.266566	14.936326	19.846752	34.950356	0
2	587	31.200953	22.914975	13.194783	32.689289	0
2	588	33.812911	13.838971	22.661382	29.686737	0
2	589	29.58828	19.110119	18.042697	33.258904	0
2	590	24.79506	12.810143	21.740081	40.654716	0
2	591	27.443547	14.779408	21.361464	36.415582	0
2	592	29.928583	16.364945	13.563638	40.142833	0
2	593	27.220358	20.11745	16.258389	36.403803	0
2	594	30.10314	22.373342	22.123994	25.399524	0
2	595	29.236359	15.976468	15.013266	39.773907	0
2	596	34.422542	14.662878	19.286095	31.628485	0
2	597	39.413861	19.261489	15.593512	25.731138	0
2	598	33.500795	19.325914	11.192369	35.980922	0
2	599	31.598879	10.633947	24.524729	33.242445	0
2	600	32.702617	15.326395	20.277515	31.693472	0
2	601	31.489803	18.363291	20.515036	29.63187	0
2	602	17.63244	20.680183	29.561805	32.125572	0


